# Menlo Systems Time Domain Spectrometer
# Program Version 1.4.7 
#  Start: -375 ps, Average over 1200 waveforms. Date: 2022-10-25
# Time [ps] 	 THz Signal [a.u.]
-374.98665744	-0.00000000
-374.95330103	0.00000001
-374.91994462	-0.00000006
-374.88658821	0.00000004
-374.85323180	-0.00000011
-374.81987539	0.00000014
-374.78651898	-0.00000017
-374.75316257	-0.00000040
-374.71980616	0.00000047
-374.68644975	0.00000113
-374.65309334	0.00000085
-374.61973693	0.00000466
-374.58638052	0.00000364
-374.55302411	0.00000343
-374.51966770	0.00000725
-374.48631129	0.00001093
-374.45295488	0.00001348
-374.41959847	0.00001742
-374.38624206	0.00002110
-374.35288566	0.00002619
-374.31952925	0.00003322
-374.28617284	0.00003285
-374.25281643	0.00005133
-374.21946002	0.00005530
-374.18610361	0.00006103
-374.15274720	0.00007294
-374.11939079	0.00009731
-374.08603438	0.00010484
-374.05267797	0.00010861
-374.01932156	0.00012644
-373.98596515	0.00013715
-373.95260874	0.00015726
-373.91925233	0.00017845
-373.88589592	0.00020320
-373.85253951	0.00021855
-373.81918310	0.00024195
-373.78582669	0.00023898
-373.75247028	0.00027331
-373.71911387	0.00027719
-373.68575746	0.00029781
-373.65240106	0.00031181
-373.61904465	0.00033741
-373.58568824	0.00033801
-373.55233183	0.00035530
-373.51897542	0.00039264
-373.48561901	0.00041393
-373.45226260	0.00042054
-373.41890619	0.00041835
-373.38554978	0.00044520
-373.35219337	0.00045210
-373.31883696	0.00049068
-373.28548055	0.00052359
-373.25212414	0.00050551
-373.21876773	0.00053234
-373.18541132	0.00054740
-373.15205491	0.00057475
-373.11869850	0.00062335
-373.08534209	0.00061566
-373.05198568	0.00063668
-373.01862927	0.00069184
-372.98527287	0.00070450
-372.95191646	0.00076159
-372.91856005	0.00072749
-372.88520364	0.00082207
-372.85184723	0.00085341
-372.81849082	0.00087450
-372.78513441	0.00083748
-372.75177800	0.00092418
-372.71842159	0.00094453
-372.68506518	0.00097989
-372.65170877	0.00101644
-372.61835236	0.00100908
-372.58499595	0.00099466
-372.55163954	0.00097685
-372.51828313	0.00098906
-372.48492672	0.00103270
-372.45157031	0.00095135
-372.41821390	0.00100055
-372.38485749	0.00100101
-372.35150108	0.00098227
-372.31814467	0.00092080
-372.28478827	0.00091845
-372.25143186	0.00096146
-372.21807545	0.00094820
-372.18471904	0.00087819
-372.15136263	0.00096914
-372.11800622	0.00084431
-372.08464981	0.00094426
-372.05129340	0.00095622
-372.01793699	0.00084174
-371.98458058	0.00083637
-371.95122417	0.00083759
-371.91786776	0.00077253
-371.88451135	0.00076535
-371.85115494	0.00079486
-371.81779853	0.00055258
-371.78444212	0.00066228
-371.75108571	0.00066928
-371.71772930	0.00068270
-371.68437289	0.00067273
-371.65101648	0.00049752
-371.61766007	0.00043363
-371.58430367	0.00054349
-371.55094726	0.00049328
-371.51759085	0.00051458
-371.48423444	0.00047340
-371.45087803	0.00045605
-371.41752162	0.00051877
-371.38416521	0.00045739
-371.35080880	0.00050357
-371.31745239	0.00053509
-371.28409598	0.00052093
-371.25073957	0.00053506
-371.21738316	0.00059138
-371.18402675	0.00060713
-371.15067034	0.00062289
-371.11731393	0.00069197
-371.08395752	0.00068703
-371.05060111	0.00062092
-371.01724470	0.00067281
-370.98388829	0.00069881
-370.95053188	0.00066165
-370.91717547	0.00076939
-370.88381907	0.00070026
-370.85046266	0.00073383
-370.81710625	0.00085706
-370.78374984	0.00087215
-370.75039343	0.00087101
-370.71703702	0.00091161
-370.68368061	0.00103546
-370.65032420	0.00099204
-370.61696779	0.00103384
-370.58361138	0.00106865
-370.55025497	0.00109839
-370.51689856	0.00121580
-370.48354215	0.00114958
-370.45018574	0.00116986
-370.41682933	0.00115917
-370.38347292	0.00118841
-370.35011651	0.00124701
-370.31676010	0.00133509
-370.28340369	0.00133494
-370.25004728	0.00128967
-370.21669087	0.00134331
-370.18333447	0.00134280
-370.14997806	0.00133133
-370.11662165	0.00132676
-370.08326524	0.00138604
-370.04990883	0.00147780
-370.01655242	0.00135979
-369.98319601	0.00137667
-369.94983960	0.00136383
-369.91648319	0.00143732
-369.88312678	0.00131512
-369.84977037	0.00136006
-369.81641396	0.00134201
-369.78305755	0.00132474
-369.74970114	0.00130310
-369.71634473	0.00128136
-369.68298832	0.00121681
-369.64963191	0.00127493
-369.61627550	0.00137476
-369.58291909	0.00130619
-369.54956268	0.00125542
-369.51620627	0.00123349
-369.48284987	0.00133890
-369.44949346	0.00128739
-369.41613705	0.00133505
-369.38278064	0.00134035
-369.34942423	0.00131086
-369.31606782	0.00145830
-369.28271141	0.00145718
-369.24935500	0.00146008
-369.21599859	0.00152001
-369.18264218	0.00154380
-369.14928577	0.00155379
-369.11592936	0.00161104
-369.08257295	0.00171581
-369.04921654	0.00155784
-369.01586013	0.00172277
-368.98250372	0.00180538
-368.94914731	0.00183268
-368.91579090	0.00179923
-368.88243449	0.00193983
-368.84907808	0.00191383
-368.81572168	0.00192521
-368.78236527	0.00197125
-368.74900886	0.00196198
-368.71565245	0.00190895
-368.68229604	0.00197856
-368.64893963	0.00198948
-368.61558322	0.00195536
-368.58222681	0.00191626
-368.54887040	0.00199343
-368.51551399	0.00188297
-368.48215758	0.00190127
-368.44880117	0.00178518
-368.41544476	0.00180190
-368.38208835	0.00181338
-368.34873194	0.00172180
-368.31537553	0.00170784
-368.28201912	0.00169172
-368.24866271	0.00172333
-368.21530630	0.00169626
-368.18194989	0.00163123
-368.14859348	0.00158444
-368.11523708	0.00149141
-368.08188067	0.00153766
-368.04852426	0.00152184
-368.01516785	0.00146770
-367.98181144	0.00156662
-367.94845503	0.00153653
-367.91509862	0.00147013
-367.88174221	0.00147496
-367.84838580	0.00149469
-367.81502939	0.00151388
-367.78167298	0.00155748
-367.74831657	0.00153488
-367.71496016	0.00162305
-367.68160375	0.00162896
-367.64824734	0.00170358
-367.61489093	0.00171676
-367.58153452	0.00179085
-367.54817811	0.00185676
-367.51482170	0.00183121
-367.48146529	0.00171593
-367.44810888	0.00187499
-367.41475248	0.00181775
-367.38139607	0.00179420
-367.34803966	0.00181488
-367.31468325	0.00177604
-367.28132684	0.00171415
-367.24797043	0.00167312
-367.21461402	0.00163349
-367.18125761	0.00170872
-367.14790120	0.00161697
-367.11454479	0.00157079
-367.08118838	0.00150944
-367.04783197	0.00151350
-367.01447556	0.00151347
-366.98111915	0.00138485
-366.94776274	0.00146187
-366.91440633	0.00144799
-366.88104992	0.00126200
-366.84769351	0.00123577
-366.81433710	0.00119811
-366.78098069	0.00114903
-366.74762428	0.00122031
-366.71426788	0.00106886
-366.68091147	0.00113098
-366.64755506	0.00099527
-366.61419865	0.00105504
-366.58084224	0.00097326
-366.54748583	0.00102048
-366.51412942	0.00099204
-366.48077301	0.00101294
-366.44741660	0.00099517
-366.41406019	0.00098700
-366.38070378	0.00102863
-366.34734737	0.00103549
-366.31399096	0.00099031
-366.28063455	0.00105716
-366.24727814	0.00103165
-366.21392173	0.00093921
-366.18056532	0.00095306
-366.14720891	0.00101008
-366.11385250	0.00099479
-366.08049609	0.00099069
-366.04713968	0.00106382
-366.01378328	0.00102554
-365.98042687	0.00101621
-365.94707046	0.00102664
-365.91371405	0.00104055
-365.88035764	0.00104162
-365.84700123	0.00119111
-365.81364482	0.00112221
-365.78028841	0.00119395
-365.74693200	0.00129520
-365.71357559	0.00123791
-365.68021918	0.00125191
-365.64686277	0.00124116
-365.61350636	0.00123848
-365.58014995	0.00125708
-365.54679354	0.00119975
-365.51343713	0.00121586
-365.48008072	0.00126306
-365.44672431	0.00119065
-365.41336790	0.00109223
-365.38001149	0.00109150
-365.34665508	0.00109346
-365.31329868	0.00109388
-365.27994227	0.00099237
-365.24658586	0.00106753
-365.21322945	0.00106516
-365.17987304	0.00094645
-365.14651663	0.00100372
-365.11316022	0.00093430
-365.07980381	0.00092246
-365.04644740	0.00090979
-365.01309099	0.00087898
-364.97973458	0.00091890
-364.94637817	0.00089313
-364.91302176	0.00098169
-364.87966535	0.00100989
-364.84630894	0.00107360
-364.81295253	0.00110795
-364.77959612	0.00125914
-364.74623971	0.00140727
-364.71288330	0.00152999
-364.67952689	0.00167756
-364.64617049	0.00176260
-364.61281408	0.00191864
-364.57945767	0.00207252
-364.54610126	0.00227483
-364.51274485	0.00243332
-364.47938844	0.00252703
-364.44603203	0.00261194
-364.41267562	0.00266310
-364.37931921	0.00278448
-364.34596280	0.00278968
-364.31260639	0.00280621
-364.27924998	0.00274227
-364.24589357	0.00271904
-364.21253716	0.00269527
-364.17918075	0.00262643
-364.14582434	0.00256245
-364.11246793	0.00243485
-364.07911152	0.00227185
-364.04575511	0.00210223
-364.01239870	0.00199081
-363.97904229	0.00180222
-363.94568589	0.00158988
-363.91232948	0.00142117
-363.87897307	0.00134039
-363.84561666	0.00124224
-363.81226025	0.00123866
-363.77890384	0.00118660
-363.74554743	0.00113174
-363.71219102	0.00112036
-363.67883461	0.00118158
-363.64547820	0.00111660
-363.61212179	0.00119318
-363.57876538	0.00120575
-363.54540897	0.00110975
-363.51205256	0.00129139
-363.47869615	0.00130667
-363.44533974	0.00130173
-363.41198333	0.00128691
-363.37862692	0.00125294
-363.34527051	0.00115518
-363.31191410	0.00101480
-363.27855769	0.00070413
-363.24520129	0.00027235
-363.21184488	-0.00022584
-363.17848847	-0.00082431
-363.14513206	-0.00160907
-363.11177565	-0.00242783
-363.07841924	-0.00328700
-363.04506283	-0.00411454
-363.01170642	-0.00499074
-362.97835001	-0.00560063
-362.94499360	-0.00598836
-362.91163719	-0.00609267
-362.87828078	-0.00573355
-362.84492437	-0.00528697
-362.81156796	-0.00449774
-362.77821155	-0.00362370
-362.74485514	-0.00268083
-362.71149873	-0.00191448
-362.67814232	-0.00122074
-362.64478591	-0.00076252
-362.61142950	-0.00039944
-362.57807309	-0.00030958
-362.54471669	-0.00028838
-362.51136028	-0.00025567
-362.47800387	-0.00046569
-362.44464746	-0.00073494
-362.41129105	-0.00094103
-362.37793464	-0.00124050
-362.34457823	-0.00154694
-362.31122182	-0.00157779
-362.27786541	-0.00186815
-362.24450900	-0.00194769
-362.21115259	-0.00200669
-362.17779618	-0.00198031
-362.14443977	-0.00189722
-362.11108336	-0.00172359
-362.07772695	-0.00157725
-362.04437054	-0.00142134
-362.01101413	-0.00120487
-361.97765772	-0.00097488
-361.94430131	-0.00070568
-361.91094490	-0.00048505
-361.87758849	-0.00017917
-361.84423209	-0.00002113
-361.81087568	0.00009009
-361.77751927	0.00015689
-361.74416286	0.00045976
-361.71080645	0.00039003
-361.67745004	0.00042680
-361.64409363	0.00033144
-361.61073722	0.00025456
-361.57738081	0.00021089
-361.54402440	0.00008314
-361.51066799	0.00012126
-361.47731158	-0.00007556
-361.44395517	-0.00010217
-361.41059876	-0.00020896
-361.37724235	-0.00030883
-361.34388594	-0.00045993
-361.31052953	-0.00064306
-361.27717312	-0.00088837
-361.24381671	-0.00107389
-361.21046030	-0.00119490
-361.17710389	-0.00150838
-361.14374749	-0.00174575
-361.11039108	-0.00200950
-361.07703467	-0.00223775
-361.04367826	-0.00231175
-361.01032185	-0.00240415
-360.97696544	-0.00248976
-360.94360903	-0.00255195
-360.91025262	-0.00231955
-360.87689621	-0.00216848
-360.84353980	-0.00198330
-360.81018339	-0.00163927
-360.77682698	-0.00135382
-360.74347057	-0.00102529
-360.71011416	-0.00059194
-360.67675775	-0.00032764
-360.64340134	-0.00007431
-360.61004493	0.00035780
-360.57668852	0.00072091
-360.54333211	0.00099713
-360.50997570	0.00114378
-360.47661930	0.00132829
-360.44326289	0.00142611
-360.40990648	0.00127468
-360.37655007	0.00109987
-360.34319366	0.00085220
-360.30983725	0.00057113
-360.27648084	0.00031966
-360.24312443	-0.00009430
-360.20976802	-0.00046550
-360.17641161	-0.00079392
-360.14305520	-0.00113698
-360.10969879	-0.00138911
-360.07634238	-0.00173811
-360.04298597	-0.00183285
-360.00962956	-0.00204595
-359.97627315	-0.00229325
-359.94291674	-0.00231878
-359.90956033	-0.00241755
-359.87620392	-0.00247221
-359.84284751	-0.00246264
-359.80949110	-0.00237484
-359.77613470	-0.00237205
-359.74277829	-0.00233099
-359.70942188	-0.00229707
-359.67606547	-0.00228132
-359.64270906	-0.00207290
-359.60935265	-0.00204795
-359.57599624	-0.00185965
-359.54263983	-0.00184635
-359.50928342	-0.00170627
-359.47592701	-0.00161452
-359.44257060	-0.00148204
-359.40921419	-0.00120307
-359.37585778	-0.00113291
-359.34250137	-0.00105003
-359.30914496	-0.00108586
-359.27578855	-0.00130848
-359.24243214	-0.00188166
-359.20907573	-0.00254627
-359.17571932	-0.00372195
-359.14236291	-0.00522972
-359.10900650	-0.00704637
-359.07565010	-0.00922473
-359.04229369	-0.01157226
-359.00893728	-0.01384889
-358.97558087	-0.01609539
-358.94222446	-0.01763268
-358.90886805	-0.01859043
-358.87551164	-0.01861705
-358.84215523	-0.01783663
-358.80879882	-0.01647192
-358.77544241	-0.01474534
-358.74208600	-0.01347160
-358.70872959	-0.01321298
-358.67537318	-0.01493253
-358.64201677	-0.01944877
-358.60866036	-0.02725008
-358.57530395	-0.03830243
-358.54194754	-0.05193445
-358.50859113	-0.06813989
-358.47523472	-0.08510040
-358.44187831	-0.10111589
-358.40852190	-0.11379412
-358.37516550	-0.12164571
-358.34180909	-0.12210269
-358.30845268	-0.11461320
-358.27509627	-0.09893681
-358.24173986	-0.07526285
-358.20838345	-0.04564649
-358.17502704	-0.01293775
-358.14167063	0.01889903
-358.10831422	0.04815824
-358.07495781	0.07099122
-358.04160140	0.08631019
-358.00824499	0.09371465
-357.97488858	0.09410420
-357.94153217	0.08872063
-357.90817576	0.07876382
-357.87481935	0.06620860
-357.84146294	0.05145161
-357.80810653	0.03592036
-357.77475012	0.02022456
-357.74139371	0.00519016
-357.70803730	-0.00884626
-357.67468090	-0.02063261
-357.64132449	-0.02982371
-357.60796808	-0.03570918
-357.57461167	-0.03880070
-357.54125526	-0.03966755
-357.50789885	-0.03895379
-357.47454244	-0.03729110
-357.44118603	-0.03498559
-357.40782962	-0.03236306
-357.37447321	-0.02919380
-357.34111680	-0.02570895
-357.30776039	-0.02169589
-357.27440398	-0.01769885
-357.24104757	-0.01375869
-357.20769116	-0.01009817
-357.17433475	-0.00652074
-357.14097834	-0.00306224
-357.10762193	0.00086787
-357.07426552	0.00521975
-357.04090911	0.01063646
-357.00755271	0.01694761
-356.97419630	0.02428375
-356.94083989	0.03230844
-356.90748348	0.04123060
-356.87412707	0.05053844
-356.84077066	0.06002887
-356.80741425	0.06927370
-356.77405784	0.07838189
-356.74070143	0.08675115
-356.70734502	0.09448319
-356.67398861	0.10113207
-356.64063220	0.10694838
-356.60727579	0.11216169
-356.57391938	0.11691122
-356.54056297	0.12149574
-356.50720656	0.12648577
-356.47385015	0.13230113
-356.44049374	0.13935088
-356.40713733	0.14834600
-356.37378092	0.15958528
-356.34042451	0.17355181
-356.30706811	0.19062529
-356.27371170	0.21018700
-356.24035529	0.23331870
-356.20699888	0.25878464
-356.17364247	0.28682303
-356.14028606	0.31722334
-356.10692965	0.35014552
-356.07357324	0.38453056
-356.04021683	0.42101227
-356.00686042	0.45818663
-355.97350401	0.49746637
-355.94014760	0.53679043
-355.90679119	0.57681492
-355.87343478	0.61548163
-355.84007837	0.65162210
-355.80672196	0.68114878
-355.77336555	0.69990370
-355.74000914	0.70081402
-355.70665273	0.67425797
-355.67329632	0.60919716
-355.63993991	0.48834998
-355.60658351	0.29729739
-355.57322710	0.01258719
-355.53987069	-0.37445204
-355.50651428	-0.88537388
-355.47315787	-1.50234272
-355.43980146	-2.23622245
-355.40644505	-3.02764025
-355.37308864	-3.85421526
-355.33973223	-4.62736066
-355.30637582	-5.28893006
-355.27301941	-5.74155740
-355.23966300	-5.92276057
-355.20630659	-5.77236652
-355.17295018	-5.25596110
-355.13959377	-4.40423156
-355.10623736	-3.24277403
-355.07288095	-1.89043884
-355.03952454	-0.42884529
-355.00616813	0.99017426
-354.97281172	2.29997940
-354.93945531	3.37916674
-354.90609891	4.22326042
-354.87274250	4.79229617
-354.83938609	5.12065704
-354.80602968	5.22236223
-354.77267327	5.13134436
-354.73931686	4.87873257
-354.70596045	4.48446440
-354.67260404	3.99477048
-354.63924763	3.43159620
-354.60589122	2.85688706
-354.57253481	2.29093162
-354.53917840	1.78600589
-354.50582199	1.34710868
-354.47246558	0.98597945
-354.43910917	0.68217713
-354.40575276	0.43357809
-354.37239635	0.22105681
-354.33903994	0.04692202
-354.30568353	-0.09382883
-354.27232712	-0.19448867
-354.23897071	-0.25966804
-354.20561431	-0.29633723
-354.17225790	-0.31833009
-354.13890149	-0.33788922
-354.10554508	-0.36508793
-354.07218867	-0.40215551
-354.03883226	-0.44783845
-354.00547585	-0.49375120
-353.97211944	-0.53353296
-353.93876303	-0.56062020
-353.90540662	-0.57222032
-353.87205021	-0.56655142
-353.83869380	-0.54378375
-353.80533739	-0.50631182
-353.77198098	-0.45446000
-353.73862457	-0.39323121
-353.70526816	-0.32532567
-353.67191175	-0.25672839
-353.63855534	-0.19103209
-353.60519893	-0.13578808
-353.57184252	-0.09329461
-353.53848611	-0.06575874
-353.50512971	-0.05124179
-353.47177330	-0.04761800
-353.43841689	-0.05157606
-353.40506048	-0.06055605
-353.37170407	-0.07291705
-353.33834766	-0.08591734
-353.30499125	-0.09735001
-353.27163484	-0.10466911
-353.23827843	-0.10645839
-353.20492202	-0.10311860
-353.17156561	-0.09676650
-353.13820920	-0.08949298
-353.10485279	-0.08247984
-353.07149638	-0.07672330
-353.03813997	-0.07235417
-353.00478356	-0.07005143
-352.97142715	-0.06992807
-352.93807074	-0.07206756
-352.90471433	-0.07592345
-352.87135792	-0.08128876
-352.83800152	-0.08802910
-352.80464511	-0.09547286
-352.77128870	-0.10335884
-352.73793229	-0.10992954
-352.70457588	-0.11568064
-352.67121947	-0.12022046
-352.63786306	-0.12519628
-352.60450665	-0.13150337
-352.57115024	-0.13904732
-352.53779383	-0.14646094
-352.50443742	-0.15240059
-352.47108101	-0.15557130
-352.43772460	-0.15580411
-352.40436819	-0.15322020
-352.37101178	-0.14825875
-352.33765537	-0.14138857
-352.30429896	-0.13345241
-352.27094255	-0.12578606
-352.23758614	-0.11839230
-352.20422973	-0.11143898
-352.17087332	-0.10432716
-352.13751692	-0.09646272
-352.10416051	-0.08761328
-352.07080410	-0.07705572
-352.03744769	-0.06373208
-352.00409128	-0.04732182
-351.97073487	-0.02693571
-351.93737846	-0.00417685
-351.90402205	0.02014119
-351.87066564	0.04300318
-351.83730923	0.06337455
-351.80395282	0.07932120
-351.77059641	0.09092416
-351.73724000	0.09806382
-351.70388359	0.10152957
-351.67052718	0.10223060
-351.63717077	0.10053789
-351.60381436	0.09680656
-351.57045795	0.09091317
-351.53710154	0.08293999
-351.50374513	0.07265858
-351.47038872	0.06108678
-351.43703232	0.04796270
-351.40367591	0.03504565
-351.37031950	0.02279135
-351.33696309	0.01250528
-351.30360668	0.00425667
-351.27025027	-0.00203104
-351.23689386	-0.00626311
-351.20353745	-0.00855441
-351.17018104	-0.00924884
-351.13682463	-0.00894349
-351.10346822	-0.00886117
-351.07011181	-0.00965500
-351.03675540	-0.01168466
-351.00339899	-0.01520829
-350.97004258	-0.02012497
-350.93668617	-0.02618161
-350.90332976	-0.03292069
-350.86997335	-0.03950346
-350.83661694	-0.04525900
-350.80326053	-0.04928812
-350.76990412	-0.05150649
-350.73654772	-0.05172647
-350.70319131	-0.04968723
-350.66983490	-0.04565815
-350.63647849	-0.04017584
-350.60312208	-0.03420430
-350.56976567	-0.02820025
-350.53640926	-0.02249077
-350.50305285	-0.01686106
-350.46969644	-0.01121280
-350.43634003	-0.00510766
-350.40298362	0.00140292
-350.36962721	0.00885949
-350.33627080	0.01693544
-350.30291439	0.02506248
-350.26955798	0.03264646
-350.23620157	0.03927222
-350.20284516	0.04459747
-350.16948875	0.04836631
-350.13613234	0.05020571
-350.10277593	0.05058981
-350.06941952	0.04999783
-350.03606312	0.04923996
-350.00270671	0.04917984
-349.96935030	0.04975714
-349.93599389	0.05096336
-349.90263748	0.05169169
-349.86928107	0.05126579
-349.83592466	0.04836219
-349.80256825	0.04323327
-349.76921184	0.03588329
-349.73585543	0.02726939
-349.70249902	0.01801300
-349.66914261	0.00920842
-349.63578620	0.00104194
-349.60242979	-0.00580465
-349.56907338	-0.01180279
-349.53571697	-0.01642835
-349.50236056	-0.01988990
-349.46900415	-0.02176517
-349.43564774	-0.02207764
-349.40229133	-0.02072375
-349.36893492	-0.01792179
-349.33557852	-0.01396908
-349.30222211	-0.00918658
-349.26886570	-0.00447365
-349.23550929	-0.00021179
-349.20215288	0.00312093
-349.16879647	0.00524603
-349.13544006	0.00594686
-349.10208365	0.00587748
-349.06872724	0.00522575
-349.03537083	0.00503854
-349.00201442	0.00619400
-348.96865801	0.00926540
-348.93530160	0.01445904
-348.90194519	0.02120982
-348.86858878	0.02814573
-348.83523237	0.03439846
-348.80187596	0.03898051
-348.76851955	0.04133023
-348.73516314	0.04155322
-348.70180673	0.04047687
-348.66845033	0.03901705
-348.63509392	0.03753744
-348.60173751	0.03624776
-348.56838110	0.03498255
-348.53502469	0.03344520
-348.50166828	0.03178064
-348.46831187	0.03006584
-348.43495546	0.02850700
-348.40159905	0.02739951
-348.36824264	0.02679082
-348.33488623	0.02657446
-348.30152982	0.02657624
-348.26817341	0.02662912
-348.23481700	0.02694376
-348.20146059	0.02740388
-348.16810418	0.02845637
-348.13474777	0.03027812
-348.10139136	0.03271517
-348.06803495	0.03504832
-348.03467854	0.03673395
-348.00132213	0.03661434
-347.96796573	0.03443832
-347.93460932	0.02976686
-347.90125291	0.02352231
-347.86789650	0.01653881
-347.83454009	0.00985102
-347.80118368	0.00445398
-347.76782727	0.00106071
-347.73447086	-0.00021474
-347.70111445	0.00067266
-347.66775804	0.00293127
-347.63440163	0.00591476
-347.60104522	0.00903617
-347.56768881	0.01166762
-347.53433240	0.01354553
-347.50097599	0.01460068
-347.46761958	0.01495959
-347.43426317	0.01481940
-347.40090676	0.01458758
-347.36755035	0.01441912
-347.33419394	0.01431710
-347.30083753	0.01411589
-347.26748113	0.01308515
-347.23412472	0.01109221
-347.20076831	0.00790539
-347.16741190	0.00383278
-347.13405549	-0.00002537
-347.10069908	-0.00283881
-347.06734267	-0.00374508
-347.03398626	-0.00239371
-347.00062985	0.00085167
-346.96727344	0.00589171
-346.93391703	0.01113721
-346.90056062	0.01581127
-346.86720421	0.01877250
-346.83384780	0.02008243
-346.80049139	0.02012596
-346.76713498	0.01879588
-346.73377857	0.01706097
-346.70042216	0.01476625
-346.66706575	0.01234557
-346.63370934	0.00994966
-346.60035293	0.00758204
-346.56699653	0.00526383
-346.53364012	0.00339832
-346.50028371	0.00218821
-346.46692730	0.00160241
-346.43357089	0.00214826
-346.40021448	0.00345041
-346.36685807	0.00557041
-346.33350166	0.00764919
-346.30014525	0.00902306
-346.26678884	0.00911062
-346.23343243	0.00719698
-346.20007602	0.00334506
-346.16671961	-0.00271950
-346.13336320	-0.00994025
-346.10000679	-0.01766000
-346.06665038	-0.02426997
-346.03329397	-0.02935602
-345.99993756	-0.03243230
-345.96658115	-0.03377892
-345.93322474	-0.03405342
-345.89986833	-0.03376208
-345.86651193	-0.03338666
-345.83315552	-0.03337659
-345.79979911	-0.03364749
-345.76644270	-0.03400776
-345.73308629	-0.03447090
-345.69972988	-0.03491495
-345.66637347	-0.03530896
-345.63301706	-0.03557323
-345.59966065	-0.03573645
-345.56630424	-0.03502649
-345.53294783	-0.03329012
-345.49959142	-0.03014517
-345.46623501	-0.02590027
-345.43287860	-0.02056008
-345.39952219	-0.01493045
-345.36616578	-0.00910383
-345.33280937	-0.00343219
-345.29945296	0.00223305
-345.26609655	0.00790994
-345.23274014	0.01418547
-345.19938373	0.02100759
-345.16602733	0.02817709
-345.13267092	0.03486992
-345.09931451	0.04034238
-345.06595810	0.04329138
-345.03260169	0.04319230
-344.99924528	0.04028115
-344.96588887	0.03507346
-344.93253246	0.02869692
-344.89917605	0.02207868
-344.86581964	0.01617679
-344.83246323	0.01141482
-344.79910682	0.00815284
-344.76575041	0.00646723
-344.73239400	0.00642135
-344.69903759	0.00769899
-344.66568118	0.01002929
-344.63232477	0.01331104
-344.59896836	0.01717620
-344.56561195	0.02109203
-344.53225554	0.02449601
-344.49889914	0.02731728
-344.46554273	0.02914857
-344.43218632	0.02974772
-344.39882991	0.02971351
-344.36547350	0.02874221
-344.33211709	0.02721247
-344.29876068	0.02506399
-344.26540427	0.02259327
-344.23204786	0.01986356
-344.19869145	0.01726461
-344.16533504	0.01509884
-344.13197863	0.01336453
-344.09862222	0.01244396
-344.06526581	0.01222472
-344.03190940	0.01247746
-343.99855299	0.01314054
-343.96519658	0.01422331
-343.93184017	0.01515213
-343.89848376	0.01607686
-343.86512735	0.01669059
-343.83177094	0.01705141
-343.79841454	0.01673613
-343.76505813	0.01599259
-343.73170172	0.01460815
-343.69834531	0.01272881
-343.66498890	0.01059482
-343.63163249	0.00866250
-343.59827608	0.00718754
-343.56491967	0.00642620
-343.53156326	0.00659317
-343.49820685	0.00731928
-343.46485044	0.00878427
-343.43149403	0.01088735
-343.39813762	0.01307321
-343.36478121	0.01538008
-343.33142480	0.01753624
-343.29806839	0.01921178
-343.26471198	0.02038205
-343.23135557	0.02090595
-343.19799916	0.02089044
-343.16464275	0.01992065
-343.13128634	0.01817374
-343.09792994	0.01554469
-343.06457353	0.01200729
-343.03121712	0.00762573
-342.99786071	0.00270179
-342.96450430	-0.00242209
-342.93114789	-0.00699678
-342.89779148	-0.01046403
-342.86443507	-0.01256063
-342.83107866	-0.01290433
-342.79772225	-0.01177180
-342.76436584	-0.00931978
-342.73100943	-0.00600082
-342.69765302	-0.00211519
-342.66429661	0.00171868
-342.63094020	0.00556352
-342.59758379	0.00865756
-342.56422738	0.01097633
-342.53087097	0.01248695
-342.49751456	0.01312523
-342.46415815	0.01313375
-342.43080174	0.01258985
-342.39744534	0.01181733
-342.36408893	0.01086428
-342.33073252	0.00922486
-342.29737611	0.00689132
-342.26401970	0.00388525
-342.23066329	0.00014858
-342.19730688	-0.00378912
-342.16395047	-0.00732821
-342.13059406	-0.00932392
-342.09723765	-0.00981335
-342.06388124	-0.00829098
-342.03052483	-0.00530170
-341.99716842	-0.00169706
-341.96381201	0.00191368
-341.93045560	0.00465402
-341.89709919	0.00626278
-341.86374278	0.00669802
-341.83038637	0.00657360
-341.79702996	0.00613842
-341.76367355	0.00585697
-341.73031714	0.00592561
-341.69696074	0.00635985
-341.66360433	0.00736255
-341.63024792	0.00871810
-341.59689151	0.01026977
-341.56353510	0.01200001
-341.53017869	0.01357861
-341.49682228	0.01467450
-341.46346587	0.01521625
-341.43010946	0.01507572
-341.39675305	0.01410886
-341.36339664	0.01286749
-341.33004023	0.01124969
-341.29668382	0.00921530
-341.26332741	0.00704390
-341.22997100	0.00438794
-341.19661459	0.00140808
-341.16325818	-0.00201077
-341.12990177	-0.00555736
-341.09654536	-0.00849847
-341.06318895	-0.01052447
-341.02983255	-0.01096334
-340.99647614	-0.00967612
-340.96311973	-0.00710244
-340.92976332	-0.00345674
-340.89640691	0.00091001
-340.86305050	0.00517705
-340.82969409	0.00915334
-340.79633768	0.01230469
-340.76298127	0.01453294
-340.72962486	0.01548292
-340.69626845	0.01494597
-340.66291204	0.01278379
-340.62955563	0.00913275
-340.59619922	0.00442055
-340.56284281	-0.00090439
-340.52948640	-0.00578162
-340.49612999	-0.01016300
-340.46277358	-0.01348256
-340.42941717	-0.01569449
-340.39606076	-0.01708066
-340.36270435	-0.01779920
-340.32934795	-0.01809075
-340.29599154	-0.01766735
-340.26263513	-0.01675472
-340.22927872	-0.01529324
-340.19592231	-0.01356493
-340.16256590	-0.01221704
-340.12920949	-0.01171739
-340.09585308	-0.01205768
-340.06249667	-0.01342042
-340.02914026	-0.01543437
-339.99578385	-0.01733568
-339.96242744	-0.01840432
-339.92907103	-0.01801158
-339.89571462	-0.01575306
-339.86235821	-0.01148001
-339.82900180	-0.00547718
-339.79564539	0.00157683
-339.76228898	0.00900167
-339.72893257	0.01589049
-339.69557616	0.02177241
-339.66221975	0.02557379
-339.62886335	0.02712941
-339.59550694	0.02597340
-339.56215053	0.02266086
-339.52879412	0.01768770
-339.49543771	0.01191195
-339.46208130	0.00632158
-339.42872489	0.00112026
-339.39536848	-0.00293379
-339.36201207	-0.00583955
-339.32865566	-0.00790487
-339.29529925	-0.00929158
-339.26194284	-0.00960579
-339.22858643	-0.00872257
-339.19523002	-0.00609843
-339.16187361	-0.00122146
-339.12851720	0.00591975
-339.09516079	0.01452519
-339.06180438	0.02368898
-339.02844797	0.03238720
-338.99509156	0.03849344
-338.96173515	0.04093729
-338.92837875	0.03972433
-338.89502234	0.03462854
-338.86166593	0.02686991
-338.82830952	0.01775790
-338.79495311	0.00855769
-338.76159670	-0.00004512
-338.72824029	-0.00667508
-338.69488388	-0.01103537
-338.66152747	-0.01358128
-338.62817106	-0.01442738
-338.59481465	-0.01392034
-338.56145824	-0.01265367
-338.52810183	-0.01094839
-338.49474542	-0.00915278
-338.46138901	-0.00740102
-338.42803260	-0.00592108
-338.39467619	-0.00445818
-338.36131978	-0.00283358
-338.32796337	-0.00114591
-338.29460696	0.00060847
-338.26125055	0.00246048
-338.22789415	0.00386260
-338.19453774	0.00495016
-338.16118133	0.00563045
-338.12782492	0.00614263
-338.09446851	0.00669131
-338.06111210	0.00771577
-338.02775569	0.00883445
-337.99439928	0.01019835
-337.96104287	0.01163152
-337.92768646	0.01249076
-337.89433005	0.01278578
-337.86097364	0.01259655
-337.82761723	0.01165695
-337.79426082	0.01014740
-337.76090441	0.00815795
-337.72754800	0.00566485
-337.69419159	0.00275201
-337.66083518	-0.00054942
-337.62747877	-0.00409389
-337.59412236	-0.00750308
-337.56076595	-0.01105202
-337.52740955	-0.01361044
-337.49405314	-0.01498705
-337.46069673	-0.01485254
-337.42734032	-0.01285457
-337.39398391	-0.00903487
-337.36062750	-0.00379351
-337.32727109	0.00211809
-337.29391468	0.00859103
-337.26055827	0.01454498
-337.22720186	0.01937743
-337.19384545	0.02282478
-337.16048904	0.02473976
-337.12713263	0.02486562
-337.09377622	0.02347103
-337.06041981	0.02063189
-337.02706340	0.01632819
-336.99370699	0.01129198
-336.96035058	0.00607442
-336.92699417	0.00101154
-336.89363776	-0.00334864
-336.86028136	-0.00625104
-336.82692495	-0.00732378
-336.79356854	-0.00675887
-336.76021213	-0.00483241
-336.72685572	-0.00212869
-336.69349931	0.00068862
-336.66014290	0.00306665
-336.62678649	0.00445778
-336.59343008	0.00439993
-336.56007367	0.00277071
-336.52671726	-0.00000382
-336.49336085	-0.00372542
-336.46000444	-0.00742165
-336.42664803	-0.01044159
-336.39329162	-0.01220405
-336.35993521	-0.01220497
-336.32657880	-0.01019651
-336.29322239	-0.00645412
-336.25986598	-0.00171366
-336.22650957	0.00422975
-336.19315316	0.01029768
-336.15979676	0.01611391
-336.12644035	0.02185187
-336.09308394	0.02731324
-336.05972753	0.03196291
-336.02637112	0.03507036
-335.99301471	0.03609910
-335.95965830	0.03509252
-335.92630189	0.03153891
-335.89294548	0.02572330
-335.85958907	0.01862590
-335.82623266	0.01088941
-335.79287625	0.00421331
-335.75951984	-0.00106541
-335.72616343	-0.00458256
-335.69280702	-0.00625496
-335.65945061	-0.00608236
-335.62609420	-0.00441410
-335.59273779	-0.00117205
-335.55938138	0.00358644
-335.52602497	0.00931754
-335.49266856	0.01541107
-335.45931216	0.02107476
-335.42595575	0.02556077
-335.39259934	0.02771384
-335.35924293	0.02717785
-335.32588652	0.02408415
-335.29253011	0.01861860
-335.25917370	0.01191704
-335.22581729	0.00510132
-335.19246088	-0.00101252
-335.15910447	-0.00608240
-335.12574806	-0.00925055
-335.09239165	-0.01051985
-335.05903524	-0.01001774
-335.02567883	-0.00788264
-334.99232242	-0.00460447
-334.95896601	-0.00022973
-334.92560960	0.00440445
-334.89225319	0.00934299
-334.85889678	0.01374133
-334.82554037	0.01773277
-334.79218396	0.02084702
-334.75882756	0.02354578
-334.72547115	0.02549655
-334.69211474	0.02666124
-334.65875833	0.02730341
-334.62540192	0.02767939
-334.59204551	0.02805664
-334.55868910	0.02901693
-334.52533269	0.03136685
-334.49197628	0.03551124
-334.45861987	0.04112132
-334.42526346	0.04805155
-334.39190705	0.05544342
-334.35855064	0.06306062
-334.32519423	0.06975867
-334.29183782	0.07522912
-334.25848141	0.07985363
-334.22512500	0.08428699
-334.19176859	0.08886991
-334.15841218	0.09440859
-334.12505577	0.10108979
-334.09169936	0.10935113
-334.05834296	0.11819073
-334.02498655	0.12743545
-333.99163014	0.13680498
-333.95827373	0.14623039
-333.92491732	0.15508491
-333.89156091	0.16355075
-333.85820450	0.17127787
-333.82484809	0.17808762
-333.79149168	0.18212626
-333.75813527	0.18142272
-333.72477886	0.17329399
-333.69142245	0.15342583
-333.65806604	0.11932035
-333.62470963	0.06718332
-333.59135322	-0.00501956
-333.55799681	-0.10472509
-333.52464040	-0.22630959
-333.49128399	-0.36990059
-333.45792758	-0.53068635
-333.42457117	-0.70610316
-333.39121476	-0.87570791
-333.35785836	-1.03103393
-333.32450195	-1.15987276
-333.29114554	-1.25483720
-333.25778913	-1.29844598
-333.22443272	-1.28568756
-333.19107631	-1.21345839
-333.15771990	-1.07968147
-333.12436349	-0.89898198
-333.09100708	-0.68111246
-333.05765067	-0.44029455
-333.02429426	-0.17701227
-332.99093785	0.07978744
-332.95758144	0.32639226
-332.92422503	0.55218266
-332.89086862	0.75440689
-332.85751221	0.91639953
-332.82415580	1.03863221
-332.79079939	1.11796383
-332.75744298	1.15468183
-332.72408657	1.14707934
-332.69073017	1.10114634
-332.65737376	1.02430191
-332.62401735	0.92421998
-332.59066094	0.81585714
-332.55730453	0.70481080
-332.52394812	0.59690509
-332.49059171	0.48984103
-332.45723530	0.39097166
-332.42387889	0.29772236
-332.39052248	0.21263320
-332.35716607	0.13617838
-332.32380966	0.07420368
-332.29045325	0.02562636
-332.25709684	-0.00986834
-332.22374043	-0.03567931
-332.19038402	-0.05366906
-332.15702761	-0.06810377
-332.12367120	-0.08104794
-332.09031479	-0.09310319
-332.05695838	-0.10308648
-332.02360197	-0.11000839
-331.99024557	-0.11283957
-331.95688916	-0.11193228
-331.92353275	-0.10867466
-331.89017634	-0.10448083
-331.85681993	-0.10056276
-331.82346352	-0.09697434
-331.79010711	-0.09321913
-331.75675070	-0.08810134
-331.72339429	-0.08109035
-331.69003788	-0.07270177
-331.65668147	-0.06455877
-331.62332506	-0.05748179
-331.58996865	-0.05186040
-331.55661224	-0.04750001
-331.52325583	-0.04323887
-331.48989942	-0.03775234
-331.45654301	-0.03135645
-331.42318660	-0.02416152
-331.38983019	-0.01781244
-331.35647378	-0.01305255
-331.32311737	-0.01034757
-331.28976097	-0.00978779
-331.25640456	-0.01113073
-331.22304815	-0.01376514
-331.18969174	-0.01702999
-331.15633533	-0.02064771
-331.12297892	-0.02382796
-331.08962251	-0.02672366
-331.05626610	-0.02929042
-331.02290969	-0.03170640
-330.98955328	-0.03404632
-330.95619687	-0.03654203
-330.92284046	-0.03909631
-330.88948405	-0.04178939
-330.85612764	-0.04427067
-330.82277123	-0.04686088
-330.78941482	-0.04851683
-330.75605841	-0.04929995
-330.72270200	-0.04918590
-330.68934559	-0.04888866
-330.65598918	-0.04930474
-330.62263277	-0.05109004
-330.58927637	-0.05435767
-330.55591996	-0.05884862
-330.52256355	-0.06355152
-330.48920714	-0.06753036
-330.45585073	-0.06988247
-330.42249432	-0.07026526
-330.38913791	-0.06876570
-330.35578150	-0.06570544
-330.32242509	-0.06186689
-330.28906868	-0.05771134
-330.25571227	-0.05358949
-330.22235586	-0.04940063
-330.18899945	-0.04536800
-330.15564304	-0.04142338
-330.12228663	-0.03748240
-330.08893022	-0.03319361
-330.05557381	-0.02859350
-330.02221740	-0.02371346
-329.98886099	-0.01869958
-329.95550458	-0.01361504
-329.92214817	-0.00889864
-329.88879177	-0.00429429
-329.85543536	0.00035747
-329.82207895	0.00594585
-329.78872254	0.01240482
-329.75536613	0.02003434
-329.72200972	0.02826059
-329.68865331	0.03650819
-329.65529690	0.04329735
-329.62194049	0.04830341
-329.58858408	0.05023218
-329.55522767	0.04966986
-329.52187126	0.04671966
-329.48851485	0.04233177
-329.45515844	0.03731732
-329.42180203	0.03208894
-329.38844562	0.02700827
-329.35508921	0.02209889
-329.32173280	0.01748899
-329.28837639	0.01315390
-329.25501998	0.00970467
-329.22166358	0.00706839
-329.18830717	0.00567367
-329.15495076	0.00540672
-329.12159435	0.00623560
-329.08823794	0.00767025
-329.05488153	0.00976611
-329.02152512	0.01210349
-328.98816871	0.01409699
-328.95481230	0.01603614
-328.92145589	0.01743330
-328.88809948	0.01837484
-328.85474307	0.01839205
-328.82138666	0.01759804
-328.78803025	0.01623799
-328.75467384	0.01435721
-328.72131743	0.01268144
-328.68796102	0.01118054
-328.65460461	0.00967166
-328.62124820	0.00849975
-328.58789179	0.00743376
-328.55453538	0.00679003
-328.52117898	0.00672905
-328.48782257	0.00733717
-328.45446616	0.00866767
-328.42110975	0.01081382
-328.38775334	0.01313843
-328.35439693	0.01522392
-328.32104052	0.01646041
-328.28768411	0.01604720
-328.25432770	0.01447271
-328.22097129	0.01185013
-328.18761488	0.00914546
-328.15425847	0.00690467
-328.12090206	0.00578446
-328.08754565	0.00618109
-328.05418924	0.00766336
-328.02083283	0.01006683
-327.98747642	0.01299525
-327.95412001	0.01596588
-327.92076360	0.01840259
-327.88740719	0.02019707
-327.85405078	0.02120792
-327.82069438	0.02157578
-327.78733797	0.02126359
-327.75398156	0.02043790
-327.72062515	0.01874030
-327.68726874	0.01676245
-327.65391233	0.01454373
-327.62055592	0.01183812
-327.58719951	0.00910040
-327.55384310	0.00607297
-327.52048669	0.00304769
-327.48713028	-0.00007195
-327.45377387	-0.00260017
-327.42041746	-0.00445971
-327.38706105	-0.00526528
-327.35370464	-0.00527767
-327.32034823	-0.00425183
-327.28699182	-0.00258622
-327.25363541	-0.00061041
-327.22027900	0.00151004
-327.18692259	0.00357911
-327.15356618	0.00577539
-327.12020978	0.00786883
-327.08685337	0.00987832
-327.05349696	0.01178302
-327.02014055	0.01348569
-326.98678414	0.01466741
-326.95342773	0.01530834
-326.92007132	0.01526031
-326.88671491	0.01474982
-326.85335850	0.01356771
-326.82000209	0.01202130
-326.78664568	0.01003724
-326.75328927	0.00778609
-326.71993286	0.00538646
-326.68657645	0.00287653
-326.65322004	0.00032167
-326.61986363	-0.00181773
-326.58650722	-0.00347512
-326.55315081	-0.00439217
-326.51979440	-0.00449888
-326.48643799	-0.00415261
-326.45308158	-0.00377220
-326.41972518	-0.00350142
-326.38636877	-0.00370275
-326.35301236	-0.00445641
-326.31965595	-0.00561896
-326.28629954	-0.00679617
-326.25294313	-0.00759563
-326.21958672	-0.00775925
-326.18623031	-0.00692400
-326.15287390	-0.00547908
-326.11951749	-0.00359901
-326.08616108	-0.00183908
-326.05280467	-0.00099945
-326.01944826	-0.00139450
-325.98609185	-0.00348251
-325.95273544	-0.00686495
-325.91937903	-0.01110785
-325.88602262	-0.01535968
-325.85266621	-0.01896653
-325.81930980	-0.02135294
-325.78595339	-0.02179403
-325.75259698	-0.02091452
-325.71924058	-0.01890670
-325.68588417	-0.01633973
-325.65252776	-0.01357964
-325.61917135	-0.01139565
-325.58581494	-0.00955888
-325.55245853	-0.00799315
-325.51910212	-0.00641161
-325.48574571	-0.00470215
-325.45238930	-0.00228286
-325.41903289	0.00089712
-325.38567648	0.00450603
-325.35232007	0.00862735
-325.31896366	0.01254758
-325.28560725	0.01601870
-325.25225084	0.01829570
-325.21889443	0.01927822
-325.18553802	0.01893268
-325.15218161	0.01784454
-325.11882520	0.01606897
-325.08546879	0.01431544
-325.05211239	0.01253145
-325.01875598	0.01109823
-324.98539957	0.01003629
-324.95204316	0.00929666
-324.91868675	0.00880567
-324.88533034	0.00841960
-324.85197393	0.00866081
-324.81861752	0.00926572
-324.78526111	0.01093551
-324.75190470	0.01332764
-324.71854829	0.01658094
-324.68519188	0.02000187
-324.65183547	0.02321485
-324.61847906	0.02618192
-324.58512265	0.02825344
-324.55176624	0.02974936
-324.51840983	0.03068015
-324.48505342	0.03174245
-324.45169701	0.03306853
-324.41834060	0.03495005
-324.38498419	0.03713510
-324.35162779	0.03971112
-324.31827138	0.04177475
-324.28491497	0.04293637
-324.25155856	0.04267007
-324.21820215	0.04078957
-324.18484574	0.03721812
-324.15148933	0.03270516
-324.11813292	0.02764690
-324.08477651	0.02262844
-324.05142010	0.01815872
-324.01806369	0.01447619
-323.98470728	0.01131493
-323.95135087	0.00837383
-323.91799446	0.00537487
-323.88463805	0.00222170
-323.85128164	-0.00129797
-323.81792523	-0.00503422
-323.78456882	-0.00867803
-323.75121241	-0.01183918
-323.71785600	-0.01434360
-323.68449959	-0.01640546
-323.65114319	-0.01756742
-323.61778678	-0.01794834
-323.58443037	-0.01761634
-323.55107396	-0.01620393
-323.51771755	-0.01381801
-323.48436114	-0.01052302
-323.45100473	-0.00656020
-323.41764832	-0.00219626
-323.38429191	0.00168085
-323.35093550	0.00458665
-323.31757909	0.00662867
-323.28422268	0.00793477
-323.25086627	0.00912009
-323.21750986	0.01028946
-323.18415345	0.01219708
-323.15079704	0.01478114
-323.11744063	0.01778464
-323.08408422	0.02085857
-323.05072781	0.02379969
-323.01737140	0.02663994
-322.98401499	0.02919039
-322.95065859	0.03129772
-322.91730218	0.03333485
-322.88394577	0.03503353
-322.85058936	0.03640518
-322.81723295	0.03720292
-322.78387654	0.03800478
-322.75052013	0.03847877
-322.71716372	0.03882567
-322.68380731	0.03857871
-322.65045090	0.03782491
-322.61709449	0.03616246
-322.58373808	0.03377917
-322.55038167	0.03081081
-322.51702526	0.02762032
-322.48366885	0.02396076
-322.45031244	0.02042989
-322.41695603	0.01652908
-322.38359962	0.01217047
-322.35024321	0.00705587
-322.31688680	0.00142425
-322.28353039	-0.00425204
-322.25017399	-0.00979776
-322.21681758	-0.01482834
-322.18346117	-0.01876458
-322.15010476	-0.02159741
-322.11674835	-0.02307746
-322.08339194	-0.02351114
-322.05003553	-0.02330872
-322.01667912	-0.02289664
-321.98332271	-0.02272653
-321.94996630	-0.02298544
-321.91660989	-0.02370487
-321.88325348	-0.02460039
-321.84989707	-0.02538443
-321.81654066	-0.02587883
-321.78318425	-0.02579675
-321.74982784	-0.02513672
-321.71647143	-0.02399047
-321.68311502	-0.02226311
-321.64975861	-0.02008321
-321.61640220	-0.01734479
-321.58304579	-0.01417643
-321.54968939	-0.01048785
-321.51633298	-0.00692730
-321.48297657	-0.00385658
-321.44962016	-0.00147919
-321.41626375	0.00035620
-321.38290734	0.00142307
-321.34955093	0.00206734
-321.31619452	0.00274491
-321.28283811	0.00375091
-321.24948170	0.00534262
-321.21612529	0.00760722
-321.18276888	0.01009460
-321.14941247	0.01311703
-321.11605606	0.01604653
-321.08269965	0.01880385
-321.04934324	0.02125932
-321.01598683	0.02322140
-320.98263042	0.02451986
-320.94927401	0.02475352
-320.91591760	0.02423882
-320.88256120	0.02310847
-320.84920479	0.02174668
-320.81584838	0.02049503
-320.78249197	0.01972671
-320.74913556	0.01939279
-320.71577915	0.01910050
-320.68242274	0.01896032
-320.64906633	0.01836624
-320.61570992	0.01740827
-320.58235351	0.01629269
-320.54899710	0.01524747
-320.51564069	0.01428342
-320.48228428	0.01369460
-320.44892787	0.01314264
-320.41557146	0.01208074
-320.38221505	0.01038424
-320.34885864	0.00778285
-320.31550223	0.00456894
-320.28214582	0.00084313
-320.24878941	-0.00261741
-320.21543300	-0.00592925
-320.18207660	-0.00836644
-320.14872019	-0.01017459
-320.11536378	-0.01109987
-320.08200737	-0.01153153
-320.04865096	-0.01109294
-320.01529455	-0.00996713
-319.98193814	-0.00782784
-319.94858173	-0.00492433
-319.91522532	-0.00143702
-319.88186891	0.00208595
-319.84851250	0.00531019
-319.81515609	0.00822152
-319.78179968	0.01035715
-319.74844327	0.01208978
-319.71508686	0.01308181
-319.68173045	0.01337661
-319.64837404	0.01309989
-319.61501763	0.01198589
-319.58166122	0.01042707
-319.54830481	0.00843490
-319.51494840	0.00640687
-319.48159200	0.00452368
-319.44823559	0.00310946
-319.41487918	0.00242740
-319.38152277	0.00262396
-319.34816636	0.00336454
-319.31480995	0.00451675
-319.28145354	0.00597693
-319.24809713	0.00705081
-319.21474072	0.00773333
-319.18138431	0.00767674
-319.14802790	0.00664069
-319.11467149	0.00442964
-319.08131508	0.00154695
-319.04795867	-0.00179502
-319.01460226	-0.00510573
-318.98124585	-0.00773445
-318.94788944	-0.00927873
-318.91453303	-0.00960501
-318.88117662	-0.00911478
-318.84782021	-0.00781409
-318.81446380	-0.00642464
-318.78110740	-0.00496635
-318.74775099	-0.00377502
-318.71439458	-0.00256895
-318.68103817	-0.00129374
-318.64768176	0.00017100
-318.61432535	0.00201285
-318.58096894	0.00375951
-318.54761253	0.00550926
-318.51425612	0.00681404
-318.48089971	0.00773104
-318.44754330	0.00782547
-318.41418689	0.00746776
-318.38083048	0.00664584
-318.34747407	0.00550363
-318.31411766	0.00449654
-318.28076125	0.00405824
-318.24740484	0.00440627
-318.21404843	0.00570652
-318.18069202	0.00803865
-318.14733561	0.01108618
-318.11397920	0.01449376
-318.08062280	0.01806844
-318.04726639	0.02110645
-318.01390998	0.02377943
-317.98055357	0.02617683
-317.94719716	0.02864263
-317.91384075	0.03129949
-317.88048434	0.03406696
-317.84712793	0.03677237
-317.81377152	0.03894067
-317.78041511	0.04012169
-317.74705870	0.04009638
-317.71370229	0.03911240
-317.68034588	0.03713736
-317.64698947	0.03444500
-317.61363306	0.03170588
-317.58027665	0.02922210
-317.54692024	0.02704399
-317.51356383	0.02578997
-317.48020742	0.02545658
-317.44685101	0.02570186
-317.41349460	0.02654956
-317.38013820	0.02755340
-317.34678179	0.02825302
-317.31342538	0.02848656
-317.28006897	0.02833872
-317.24671256	0.02811692
-317.21335615	0.02831129
-317.17999974	0.02928883
-317.14664333	0.03119917
-317.11328692	0.03397979
-317.07993051	0.03732311
-317.04657410	0.04034113
-317.01321769	0.04269904
-316.97986128	0.04380717
-316.94650487	0.04364940
-316.91314846	0.04244521
-316.87979205	0.04043121
-316.84643564	0.03765877
-316.81307923	0.03438805
-316.77972282	0.03081258
-316.74636641	0.02628061
-316.71301001	0.02127455
-316.67965360	0.01574758
-316.64629719	0.00978505
-316.61294078	0.00378093
-316.57958437	-0.00163416
-316.54622796	-0.00618041
-316.51287155	-0.00959487
-316.47951514	-0.01191283
-316.44615873	-0.01333822
-316.41280232	-0.01405234
-316.37944591	-0.01415133
-316.34608950	-0.01419911
-316.31273309	-0.01423236
-316.27937668	-0.01466361
-316.24602027	-0.01542887
-316.21266386	-0.01678952
-316.17930745	-0.01895740
-316.14595104	-0.02161942
-316.11259463	-0.02486331
-316.07923822	-0.02851093
-316.04588181	-0.03210344
-316.01252541	-0.03524300
-315.97916900	-0.03811512
-315.94581259	-0.04048463
-315.91245618	-0.04237084
-315.87909977	-0.04376862
-315.84574336	-0.04465238
-315.81238695	-0.04495675
-315.77903054	-0.04447365
-315.74567413	-0.04328962
-315.71231772	-0.04152593
-315.67896131	-0.03917558
-315.64560490	-0.03678692
-315.61224849	-0.03479605
-315.57889208	-0.03327772
-315.54553567	-0.03260658
-315.51217926	-0.03260459
-315.47882285	-0.03313784
-315.44546644	-0.03398038
-315.41211003	-0.03474394
-315.37875362	-0.03503878
-315.34539721	-0.03457651
-315.31204081	-0.03287397
-315.27868440	-0.02998446
-315.24532799	-0.02560374
-315.21197158	-0.02006314
-315.17861517	-0.01351329
-315.14525876	-0.00631416
-315.11190235	0.00016870
-315.07854594	0.00545473
-315.04518953	0.00892314
-315.01183312	0.01057129
-314.97847671	0.01048950
-314.94512030	0.00924058
-314.91176389	0.00765220
-314.87840748	0.00628412
-314.84505107	0.00612943
-314.81169466	0.00712347
-314.77833825	0.00947147
-314.74498184	0.01281578
-314.71162543	0.01616301
-314.67826902	0.01916839
-314.64491261	0.02155185
-314.61155621	0.02336496
-314.57819980	0.02449417
-314.54484339	0.02530747
-314.51148698	0.02602157
-314.47813057	0.02655898
-314.44477416	0.02710384
-314.41141775	0.02737510
-314.37806134	0.02766055
-314.34470493	0.02804448
-314.31134852	0.02904666
-314.27799211	0.03083511
-314.24463570	0.03358565
-314.21127929	0.03742189
-314.17792288	0.04190144
-314.14456647	0.04636666
-314.11121006	0.05092684
-314.07785365	0.05501074
-314.04449724	0.05816502
-314.01114083	0.06063230
-313.97778442	0.06259910
-313.94442801	0.06442332
-313.91107161	0.06585446
-313.87771520	0.06669879
-313.84435879	0.06673414
-313.81100238	0.06558660
-313.77764597	0.06338084
-313.74428956	0.06037654
-313.71093315	0.05695385
-313.67757674	0.05347087
-313.64422033	0.05082185
-313.61086392	0.04916630
-313.57750751	0.04853747
-313.54415110	0.04900318
-313.51079469	0.05007395
-313.47743828	0.05140316
-313.44408187	0.05273682
-313.41072546	0.05388183
-313.37736905	0.05432663
-313.34401264	0.05384921
-313.31065623	0.05225215
-313.27729982	0.04937003
-313.24394342	0.04567429
-313.21058701	0.04137121
-313.17723060	0.03678393
-313.14387419	0.03196001
-313.11051778	0.02729266
-313.07716137	0.02274735
-313.04380496	0.01859306
-313.01044855	0.01445798
-312.97709214	0.01087366
-312.94373573	0.00808693
-312.91037932	0.00623513
-312.87702291	0.00524672
-312.84366650	0.00494396
-312.81031009	0.00495044
-312.77695368	0.00486411
-312.74359727	0.00432744
-312.71024086	0.00330082
-312.67688445	0.00172780
-312.64352804	0.00012325
-312.61017163	-0.00118804
-312.57681522	-0.00194588
-312.54345882	-0.00186028
-312.51010241	-0.00104080
-312.47674600	0.00054556
-312.44338959	0.00239414
-312.41003318	0.00415828
-312.37667677	0.00595742
-312.34332036	0.00754181
-312.30996395	0.00936995
-312.27660754	0.01155208
-312.24325113	0.01417857
-312.20989472	0.01770504
-312.17653831	0.02133958
-312.14318190	0.02475278
-312.10982549	0.02741593
-312.07646908	0.02887104
-312.04311267	0.02906485
-312.00975626	0.02818064
-311.97639985	0.02654466
-311.94304344	0.02465533
-311.90968703	0.02292693
-311.87633062	0.02141849
-311.84297422	0.02010888
-311.80961781	0.01876793
-311.77626140	0.01682769
-311.74290499	0.01396040
-311.70954858	0.00956143
-311.67619217	0.00288096
-311.64283576	-0.00681604
-311.60947935	-0.02008389
-311.57612294	-0.03763469
-311.54276653	-0.06018648
-311.50941012	-0.08650612
-311.47605371	-0.11615187
-311.44269730	-0.14786143
-311.40934089	-0.18158129
-311.37598448	-0.21349451
-311.34262807	-0.24237034
-311.30927166	-0.26597508
-311.27591525	-0.28238942
-311.24255884	-0.28890655
-311.20920243	-0.28519946
-311.17584602	-0.27118883
-311.14248962	-0.24575472
-311.10913321	-0.21103408
-311.07577680	-0.16762552
-311.04242039	-0.11764748
-311.00906398	-0.06181581
-310.97570757	-0.00519945
-310.94235116	0.05098748
-310.90899475	0.10431345
-310.87563834	0.15524381
-310.84228193	0.19868407
-310.80892552	0.23411003
-310.77556911	0.26041490
-310.74221270	0.27743938
-310.70885629	0.28458753
-310.67549988	0.28401498
-310.64214347	0.27687075
-310.60878706	0.26399098
-310.57543065	0.24702607
-310.54207424	0.22620078
-310.50871783	0.20258467
-310.47536142	0.17584481
-310.44200502	0.14844166
-310.40864861	0.12120386
-310.37529220	0.09533298
-310.34193579	0.07103205
-310.30857938	0.05038077
-310.27522297	0.03289937
-310.24186656	0.01854805
-310.20851015	0.00624176
-310.17515374	-0.00397821
-310.14179733	-0.01283031
-310.10844092	-0.02029162
-310.07508451	-0.02623624
-310.04172810	-0.03006380
-310.00837169	-0.03160988
-309.97501528	-0.03102101
-309.94165887	-0.02853408
-309.90830246	-0.02469292
-309.87494605	-0.02012659
-309.84158964	-0.01529090
-309.80823323	-0.01002370
-309.77487682	-0.00533232
-309.74152042	-0.00119719
-309.70816401	0.00143726
-309.67480760	0.00284673
-309.64145119	0.00259583
-309.60809478	0.00129299
-309.57473837	-0.00053778
-309.54138196	-0.00226337
-309.50802555	-0.00334880
-309.47466914	-0.00350215
-309.44131273	-0.00289827
-309.40795632	-0.00175201
-309.37459991	-0.00097379
-309.34124350	-0.00068313
-309.30788709	-0.00092679
-309.27453068	-0.00154409
-309.24117427	-0.00182282
-309.20781786	-0.00148192
-309.17446145	-0.00048710
-309.14110504	0.00081144
-309.10774863	0.00161165
-309.07439223	0.00180888
-309.04103582	0.00118305
-309.00767941	-0.00001980
-308.97432300	-0.00137344
-308.94096659	-0.00235718
-308.90761018	-0.00274977
-308.87425377	-0.00273567
-308.84089736	-0.00210020
-308.80754095	-0.00126800
-308.77418454	-0.00042068
-308.74082813	0.00027601
-308.70747172	0.00061524
-308.67411531	0.00026386
-308.64075890	-0.00082241
-308.60740249	-0.00275507
-308.57404608	-0.00491390
-308.54068967	-0.00682310
-308.50733326	-0.00857324
-308.47397685	-0.00976821
-308.44062044	-0.01049661
-308.40726403	-0.01119541
-308.37390763	-0.01201775
-308.34055122	-0.01288831
-308.30719481	-0.01367700
-308.27383840	-0.01400776
-308.24048199	-0.01373340
-308.20712558	-0.01196566
-308.17376917	-0.00895186
-308.14041276	-0.00473020
-308.10705635	0.00003306
-308.07369994	0.00528052
-308.04034353	0.00969864
-308.00698712	0.01334111
-307.97363071	0.01615186
-307.94027430	0.01810333
-307.90691789	0.01951983
-307.87356148	0.02047498
-307.84020507	0.02087490
-307.80684866	0.02080824
-307.77349225	0.02047150
-307.74013584	0.01998901
-307.70677943	0.01959447
-307.67342303	0.01932894
-307.64006662	0.01938538
-307.60671021	0.01942652
-307.57335380	0.01965465
-307.53999739	0.01977096
-307.50664098	0.01971694
-307.47328457	0.01941205
-307.43992816	0.01890267
-307.40657175	0.01808340
-307.37321534	0.01716935
-307.33985893	0.01614742
-307.30650252	0.01498646
-307.27314611	0.01405007
-307.23978970	0.01319484
-307.20643329	0.01269061
-307.17307688	0.01258840
-307.13972047	0.01248085
-307.10636406	0.01205922
-307.07300765	0.01134508
-307.03965124	0.00999164
-307.00629483	0.00810247
-306.97293843	0.00588852
-306.93958202	0.00361538
-306.90622561	0.00137429
-306.87286920	-0.00066786
-306.83951279	-0.00264504
-306.80615638	-0.00436003
-306.77279997	-0.00602693
-306.73944356	-0.00762069
-306.70608715	-0.00918266
-306.67273074	-0.01066554
-306.63937433	-0.01201648
-306.60601792	-0.01294621
-306.57266151	-0.01357145
-306.53930510	-0.01381599
-306.50594869	-0.01358848
-306.47259228	-0.01287970
-306.43923587	-0.01157532
-306.40587946	-0.00998502
-306.37252305	-0.00794861
-306.33916664	-0.00559801
-306.30581023	-0.00343356
-306.27245383	-0.00136937
-306.23909742	0.00044105
-306.20574101	0.00205481
-306.17238460	0.00355237
-306.13902819	0.00490804
-306.10567178	0.00613749
-306.07231537	0.00766047
-306.03895896	0.00914963
-306.00560255	0.01107183
-305.97224614	0.01306305
-305.93888973	0.01556773
-305.90553332	0.01853377
-305.87217691	0.02223378
-305.83882050	0.02608818
-305.80546409	0.03065393
-305.77210768	0.03500162
-305.73875127	0.03901752
-305.70539486	0.04218327
-305.67203845	0.04445594
-305.63868204	0.04574288
-305.60532563	0.04609284
-305.57196923	0.04580249
-305.53861282	0.04522990
-305.50525641	0.04467527
-305.47190000	0.04410922
-305.43854359	0.04379760
-305.40518718	0.04334944
-305.37183077	0.04263829
-305.33847436	0.04159087
-305.30511795	0.04012063
-305.27176154	0.03793002
-305.23840513	0.03511534
-305.20504872	0.03207663
-305.17169231	0.02866083
-305.13833590	0.02471039
-305.10497949	0.02029947
-305.07162308	0.01561204
-305.03826667	0.01036637
-305.00491026	0.00449614
-304.97155385	-0.00137796
-304.93819744	-0.00698720
-304.90484104	-0.01211409
-304.87148463	-0.01654575
-304.83812822	-0.02043115
-304.80477181	-0.02386329
-304.77141540	-0.02688765
-304.73805899	-0.02956107
-304.70470258	-0.03155980
-304.67134617	-0.03270941
-304.63798976	-0.03248969
-304.60463335	-0.03052153
-304.57127694	-0.02713234
-304.53792053	-0.02237832
-304.50456412	-0.01658615
-304.47120771	-0.01016689
-304.43785130	-0.00357573
-304.40449489	0.00298952
-304.37113848	0.00929237
-304.33778207	0.01568745
-304.30442566	0.02200827
-304.27106925	0.02864294
-304.23771284	0.03551850
-304.20435644	0.04242195
-304.17100003	0.04889867
-304.13764362	0.05467427
-304.10428721	0.05879211
-304.07093080	0.06131285
-304.03757439	0.06188362
-304.00421798	0.06039046
-303.97086157	0.05690411
-303.93750516	0.05140126
-303.90414875	0.04457654
-303.87079234	0.03679466
-303.83743593	0.02822282
-303.80407952	0.01934775
-303.77072311	0.01036029
-303.73736670	0.00114355
-303.70401029	-0.00762537
-303.67065388	-0.01637181
-303.63729747	-0.02386422
-303.60394106	-0.03005784
-303.57058465	-0.03430673
-303.53722824	-0.03645961
-303.50387184	-0.03639155
-303.47051543	-0.03456131
-303.43715902	-0.03149310
-303.40380261	-0.02727611
-303.37044620	-0.02265494
-303.33708979	-0.01767441
-303.30373338	-0.01280739
-303.27037697	-0.00775304
-303.23702056	-0.00303984
-303.20366415	0.00173416
-303.17030774	0.00618639
-303.13695133	0.01033719
-303.10359492	0.01376559
-303.07023851	0.01650259
-303.03688210	0.01824053
-303.00352569	0.01923282
-302.97016928	0.01916792
-302.93681287	0.01817176
-302.90345646	0.01644842
-302.87010005	0.01373554
-302.83674364	0.01080832
-302.80338724	0.00758211
-302.77003083	0.00442585
-302.73667442	0.00186067
-302.70331801	-0.00018904
-302.66996160	-0.00140601
-302.63660519	-0.00171176
-302.60324878	-0.00110314
-302.56989237	0.00027127
-302.53653596	0.00270579
-302.50317955	0.00608003
-302.46982314	0.01033428
-302.43646673	0.01545420
-302.40311032	0.02129774
-302.36975391	0.02743577
-302.33639750	0.03354513
-302.30304109	0.03887103
-302.26968468	0.04313512
-302.23632827	0.04605195
-302.20297186	0.04738998
-302.16961545	0.04706002
-302.13625904	0.04508001
-302.10290264	0.04152932
-302.06954623	0.03637181
-302.03618982	0.03005430
-302.00283341	0.02272439
-301.96947700	0.01505229
-301.93612059	0.00756873
-301.90276418	0.00064527
-301.86940777	-0.00552667
-301.83605136	-0.01057193
-301.80269495	-0.01434997
-301.76933854	-0.01661697
-301.73598213	-0.01758469
-301.70262572	-0.01704880
-301.66926931	-0.01529921
-301.63591290	-0.01242013
-301.60255649	-0.00860467
-301.56920008	-0.00421095
-301.53584367	0.00049593
-301.50248726	0.00500521
-301.46913085	0.00909104
-301.43577444	0.01234335
-301.40241804	0.01470649
-301.36906163	0.01610842
-301.33570522	0.01661620
-301.30234881	0.01625386
-301.26899240	0.01512855
-301.23563599	0.01335554
-301.20227958	0.01114900
-301.16892317	0.00866075
-301.13556676	0.00610921
-301.10221035	0.00364514
-301.06885394	0.00135538
-301.03549753	-0.00061511
-301.00214112	-0.00218016
-300.96878471	-0.00323708
-300.93542830	-0.00378768
-300.90207189	-0.00387880
-300.86871548	-0.00365448
-300.83535907	-0.00318152
-300.80200266	-0.00255595
-300.76864625	-0.00190635
-300.73528985	-0.00127636
-300.70193344	-0.00076633
-300.66857703	-0.00037607
-300.63522062	-0.00010492
-300.60186421	0.00007253
-300.56850780	0.00017695
-300.53515139	0.00022815
-300.50179498	0.00024676
-300.46843857	0.00023256
-300.43508216	0.00019210
-300.40172575	0.00013817
-300.36836934	0.00008733
-300.33501293	0.00004150
-300.30165652	0.00001046
-300.26830011	-0.00000451
-300.23494370	-0.00000026
-300.20158729	0.00001334
-300.16823088	0.00002753
-300.13487447	0.00003537
-300.10151806	0.00003370
-300.06816165	0.00002540
-300.03480525	0.00001384
-300.00144884	0.00000401
-299.96809243	0.00000000
