# Menlo Systems Time Domain Spectrometer
# Program Version 1.4.7 
#  Start: -375 ps, Average over 1200 waveforms. Date: 2022-10-25
# Time [ps] 	 THz Signal [a.u.]
-374.98665744	0.00000000
-374.95330103	0.00000003
-374.91994462	0.00000002
-374.88658821	0.00000014
-374.85323180	-0.00000003
-374.81987539	-0.00000015
-374.78651898	0.00000015
-374.75316257	-0.00000098
-374.71980616	-0.00000080
-374.68644975	-0.00000294
-374.65309334	-0.00000216
-374.61973693	-0.00000545
-374.58638052	-0.00000850
-374.55302411	-0.00001085
-374.51966770	-0.00001188
-374.48631129	-0.00001707
-374.45295488	-0.00001764
-374.41959847	-0.00002251
-374.38624206	-0.00002899
-374.35288566	-0.00003248
-374.31952925	-0.00003750
-374.28617284	-0.00004583
-374.25281643	-0.00005384
-374.21946002	-0.00006068
-374.18610361	-0.00008465
-374.15274720	-0.00008664
-374.11939079	-0.00011019
-374.08603438	-0.00012923
-374.05267797	-0.00012652
-374.01932156	-0.00014052
-373.98596515	-0.00016500
-373.95260874	-0.00018752
-373.91925233	-0.00020813
-373.88589592	-0.00020611
-373.85253951	-0.00021702
-373.81918310	-0.00022876
-373.78582669	-0.00024601
-373.75247028	-0.00024284
-373.71911387	-0.00024748
-373.68575746	-0.00026365
-373.65240106	-0.00025249
-373.61904465	-0.00027798
-373.58568824	-0.00028885
-373.55233183	-0.00025761
-373.51897542	-0.00028159
-373.48561901	-0.00029754
-373.45226260	-0.00032213
-373.41890619	-0.00032002
-373.38554978	-0.00028423
-373.35219337	-0.00037271
-373.31883696	-0.00036586
-373.28548055	-0.00039939
-373.25212414	-0.00039356
-373.21876773	-0.00039316
-373.18541132	-0.00040808
-373.15205491	-0.00040362
-373.11869850	-0.00041363
-373.08534209	-0.00043254
-373.05198568	-0.00043471
-373.01862927	-0.00043181
-372.98527287	-0.00041564
-372.95191646	-0.00040174
-372.91856005	-0.00043904
-372.88520364	-0.00043774
-372.85184723	-0.00049286
-372.81849082	-0.00050552
-372.78513441	-0.00052595
-372.75177800	-0.00057881
-372.71842159	-0.00063680
-372.68506518	-0.00061678
-372.65170877	-0.00077835
-372.61835236	-0.00077352
-372.58499595	-0.00091657
-372.55163954	-0.00099077
-372.51828313	-0.00103315
-372.48492672	-0.00115737
-372.45157031	-0.00129739
-372.41821390	-0.00137713
-372.38485749	-0.00136134
-372.35150108	-0.00145425
-372.31814467	-0.00148890
-372.28478827	-0.00162325
-372.25143186	-0.00175408
-372.21807545	-0.00169114
-372.18471904	-0.00183158
-372.15136263	-0.00191352
-372.11800622	-0.00202971
-372.08464981	-0.00196970
-372.05129340	-0.00198470
-372.01793699	-0.00208101
-371.98458058	-0.00210346
-371.95122417	-0.00212084
-371.91786776	-0.00226139
-371.88451135	-0.00218680
-371.85115494	-0.00229637
-371.81779853	-0.00226995
-371.78444212	-0.00236468
-371.75108571	-0.00235280
-371.71772930	-0.00239046
-371.68437289	-0.00240920
-371.65101648	-0.00255550
-371.61766007	-0.00256916
-371.58430367	-0.00262586
-371.55094726	-0.00266912
-371.51759085	-0.00267838
-371.48423444	-0.00285505
-371.45087803	-0.00284302
-371.41752162	-0.00304679
-371.38416521	-0.00301198
-371.35080880	-0.00312096
-371.31745239	-0.00325323
-371.28409598	-0.00341673
-371.25073957	-0.00376186
-371.21738316	-0.00400863
-371.18402675	-0.00451144
-371.15067034	-0.00508412
-371.11731393	-0.00592418
-371.08395752	-0.00686932
-371.05060111	-0.00815112
-371.01724470	-0.00950205
-370.98388829	-0.01098653
-370.95053188	-0.01249087
-370.91717547	-0.01415209
-370.88381907	-0.01546875
-370.85046266	-0.01660812
-370.81710625	-0.01716715
-370.78374984	-0.01722034
-370.75039343	-0.01661272
-370.71703702	-0.01557450
-370.68368061	-0.01382555
-370.65032420	-0.01193777
-370.61696779	-0.00998302
-370.58361138	-0.00806010
-370.55025497	-0.00627752
-370.51689856	-0.00485155
-370.48354215	-0.00376661
-370.45018574	-0.00290240
-370.41682933	-0.00220759
-370.38347292	-0.00171415
-370.35011651	-0.00136188
-370.31676010	-0.00121621
-370.28340369	-0.00118283
-370.25004728	-0.00127886
-370.21669087	-0.00147247
-370.18333447	-0.00178570
-370.14997806	-0.00203860
-370.11662165	-0.00230440
-370.08326524	-0.00250560
-370.04990883	-0.00269544
-370.01655242	-0.00306750
-369.98319601	-0.00335211
-369.94983960	-0.00364926
-369.91648319	-0.00396337
-369.88312678	-0.00428350
-369.84977037	-0.00456881
-369.81641396	-0.00469320
-369.78305755	-0.00499413
-369.74970114	-0.00530067
-369.71634473	-0.00554643
-369.68298832	-0.00582940
-369.64963191	-0.00614256
-369.61627550	-0.00636426
-369.58291909	-0.00650338
-369.54956268	-0.00685958
-369.51620627	-0.00711620
-369.48284987	-0.00732069
-369.44949346	-0.00758365
-369.41613705	-0.00777847
-369.38278064	-0.00786157
-369.34942423	-0.00801074
-369.31606782	-0.00819797
-369.28271141	-0.00823644
-369.24935500	-0.00838245
-369.21599859	-0.00855710
-369.18264218	-0.00885414
-369.14928577	-0.00910668
-369.11592936	-0.00935373
-369.08257295	-0.00974358
-369.04921654	-0.01008793
-369.01586013	-0.01060130
-368.98250372	-0.01109860
-368.94914731	-0.01149674
-368.91579090	-0.01200269
-368.88243449	-0.01234986
-368.84907808	-0.01266842
-368.81572168	-0.01292111
-368.78236527	-0.01293919
-368.74900886	-0.01305682
-368.71565245	-0.01290679
-368.68229604	-0.01280857
-368.64893963	-0.01264393
-368.61558322	-0.01232984
-368.58222681	-0.01208073
-368.54887040	-0.01173717
-368.51551399	-0.01133097
-368.48215758	-0.01095871
-368.44880117	-0.01039766
-368.41544476	-0.01013545
-368.38208835	-0.00974236
-368.34873194	-0.00949140
-368.31537553	-0.00946045
-368.28201912	-0.00964630
-368.24866271	-0.00988134
-368.21530630	-0.01018383
-368.18194989	-0.01077820
-368.14859348	-0.01134612
-368.11523708	-0.01194252
-368.08188067	-0.01250262
-368.04852426	-0.01310119
-368.01516785	-0.01369260
-367.98181144	-0.01437877
-367.94845503	-0.01479654
-367.91509862	-0.01539628
-367.88174221	-0.01585800
-367.84838580	-0.01612692
-367.81502939	-0.01653470
-367.78167298	-0.01679302
-367.74831657	-0.01701194
-367.71496016	-0.01733938
-367.68160375	-0.01759805
-367.64824734	-0.01783086
-367.61489093	-0.01798959
-367.58153452	-0.01829057
-367.54817811	-0.01845265
-367.51482170	-0.01865836
-367.48146529	-0.01889422
-367.44810888	-0.01911857
-367.41475248	-0.01935376
-367.38139607	-0.01961940
-367.34803966	-0.01989963
-367.31468325	-0.02017146
-367.28132684	-0.02065329
-367.24797043	-0.02110435
-367.21461402	-0.02181828
-367.18125761	-0.02260577
-367.14790120	-0.02367897
-367.11454479	-0.02515675
-367.08118838	-0.02702050
-367.04783197	-0.02945056
-367.01447556	-0.03245268
-366.98111915	-0.03602649
-366.94776274	-0.04007976
-366.91440633	-0.04453176
-366.88104992	-0.04909882
-366.84769351	-0.05341822
-366.81433710	-0.05755064
-366.78098069	-0.06031112
-366.74762428	-0.06162583
-366.71426788	-0.06131967
-366.68091147	-0.05975282
-366.64755506	-0.05727982
-366.61419865	-0.05488768
-366.58084224	-0.05344135
-366.54748583	-0.05481545
-366.51412942	-0.06019741
-366.48077301	-0.07049854
-366.44741660	-0.08624098
-366.41406019	-0.10670601
-366.38070378	-0.13121833
-366.34734737	-0.15726586
-366.31399096	-0.18370312
-366.28063455	-0.20694170
-366.24727814	-0.22274666
-366.21392173	-0.22734499
-366.18056532	-0.21891892
-366.14720891	-0.19606041
-366.11385250	-0.15940139
-366.08049609	-0.11276446
-366.04713968	-0.05803329
-366.01378328	-0.00081165
-365.98042687	0.05161043
-365.94707046	0.09312719
-365.91371405	0.12273101
-365.88035764	0.13976974
-365.84700123	0.14598765
-365.81364482	0.14370835
-365.78028841	0.13519407
-365.74693200	0.12142815
-365.71357559	0.10385539
-365.68021918	0.08375495
-365.64686277	0.06176454
-365.61350636	0.03978529
-365.58014995	0.01984907
-365.54679354	0.00442122
-365.51343713	-0.00611939
-365.48008072	-0.01137889
-365.44672431	-0.01237763
-365.41336790	-0.01082577
-365.38001149	-0.00809184
-365.34665508	-0.00473764
-365.31329868	-0.00075809
-365.27994227	0.00416752
-365.24658586	0.01050232
-365.21322945	0.01751398
-365.17987304	0.02428633
-365.14651663	0.02984546
-365.11316022	0.03379431
-365.07980381	0.03658425
-365.04644740	0.03815597
-365.01309099	0.03919240
-364.97973458	0.04035149
-364.94637817	0.04194449
-364.91302176	0.04420195
-364.87966535	0.04735781
-364.84630894	0.05188128
-364.81295253	0.05801458
-364.77959612	0.06549460
-364.74623971	0.07406215
-364.71288330	0.08386499
-364.67952689	0.09495689
-364.64617049	0.10671947
-364.61281408	0.11891627
-364.57945767	0.13171746
-364.54610126	0.14495095
-364.51274485	0.15857002
-364.47938844	0.17280698
-364.44603203	0.18809077
-364.41267562	0.20485914
-364.37931921	0.22286216
-364.34596280	0.24212273
-364.31260639	0.26333914
-364.27924998	0.28648245
-364.24589357	0.31165897
-364.21253716	0.33835307
-364.17918075	0.36746080
-364.14582434	0.39858933
-364.11246793	0.43141511
-364.07911152	0.46553761
-364.04575511	0.50166387
-364.01239870	0.53898407
-363.97904229	0.57773856
-363.94568589	0.61752599
-363.91232948	0.65891468
-363.87897307	0.70120924
-363.84561666	0.74350221
-363.81226025	0.78459844
-363.77890384	0.82404022
-363.74554743	0.85952834
-363.71219102	0.88888121
-363.67883461	0.90701505
-363.64547820	0.90829853
-363.61212179	0.88318821
-363.57876538	0.81934447
-363.54540897	0.70161627
-363.51205256	0.50704462
-363.47869615	0.21250407
-363.44533974	-0.21464037
-363.41198333	-0.79148696
-363.37862692	-1.55360816
-363.34527051	-2.50019187
-363.31191410	-3.62542482
-363.27855769	-4.88282496
-363.24520129	-6.22545742
-363.21184488	-7.53572772
-363.17848847	-8.70919975
-363.14513206	-9.59178337
-363.11177565	-10.06612298
-363.07841924	-10.00543230
-363.04506283	-9.33986932
-363.01170642	-8.07052838
-362.97835001	-6.25326399
-362.94499360	-4.05982942
-362.91163719	-1.64775726
-362.87828078	0.73005992
-362.84492437	2.92947701
-362.81156796	4.79978911
-362.77821155	6.30212948
-362.74485514	7.42000354
-362.71149873	8.17723785
-362.67814232	8.58676151
-362.64478591	8.66760728
-362.61142950	8.42736356
-362.57807309	7.88960172
-362.54471669	7.12261945
-362.51136028	6.20749909
-362.47800387	5.25397840
-362.44464746	4.34854352
-362.41129105	3.55997851
-362.37793464	2.88210459
-362.34457823	2.30718951
-362.31122182	1.79541172
-362.27786541	1.33749366
-362.24450900	0.93047086
-362.21115259	0.59630371
-362.17779618	0.34836077
-362.14443977	0.18737845
-362.11108336	0.08627650
-362.07772695	0.01320915
-362.04437054	-0.06183691
-362.01101413	-0.15080621
-361.97765772	-0.25532399
-361.94430131	-0.36907273
-361.91094490	-0.48712195
-361.87758849	-0.60238092
-361.84423209	-0.70939099
-361.81087568	-0.79439311
-361.77751927	-0.84691090
-361.74416286	-0.85982089
-361.71080645	-0.83439458
-361.67745004	-0.77571366
-361.64409363	-0.69022224
-361.61073722	-0.58431543
-361.57738081	-0.46141798
-361.54402440	-0.33308718
-361.51066799	-0.20958068
-361.47731158	-0.10270855
-361.44395517	-0.01617040
-361.41059876	0.04787687
-361.37724235	0.09046203
-361.34388594	0.11219048
-361.31052953	0.11438523
-361.27717312	0.10029167
-361.24381671	0.07622345
-361.21046030	0.04988960
-361.17710389	0.02585741
-361.14374749	0.00639606
-361.11039108	-0.00910003
-361.07703467	-0.02046850
-361.04367826	-0.02759886
-361.01032185	-0.03123080
-360.97696544	-0.03500514
-360.94360903	-0.04217916
-360.91025262	-0.05363965
-360.87689621	-0.06649685
-360.84353980	-0.07748605
-360.81018339	-0.08639038
-360.77682698	-0.09663145
-360.74347057	-0.11184776
-360.71011416	-0.13163981
-360.67675775	-0.15124498
-360.64340134	-0.16639766
-360.61004493	-0.17604822
-360.57668852	-0.18385999
-360.54333211	-0.19357053
-360.50997570	-0.20733370
-360.47661930	-0.22386363
-360.44326289	-0.24186103
-360.40990648	-0.25986222
-360.37655007	-0.27678379
-360.34319366	-0.28933831
-360.30983725	-0.29553167
-360.27648084	-0.29526391
-360.24312443	-0.29124970
-360.20976802	-0.28713725
-360.17641161	-0.28371111
-360.14305520	-0.27933819
-360.10969879	-0.27144258
-360.07634238	-0.26023339
-360.04298597	-0.24802374
-360.00962956	-0.23679299
-359.97627315	-0.22594770
-359.94291674	-0.21232215
-359.90956033	-0.19225446
-359.87620392	-0.16382491
-359.84284751	-0.12689523
-359.80949110	-0.08505410
-359.77613470	-0.04073809
-359.74277829	0.00213992
-359.70942188	0.04101293
-359.67606547	0.07296102
-359.64270906	0.09916573
-359.60935265	0.12010048
-359.57599624	0.13643161
-359.54263983	0.14833332
-359.50928342	0.15639265
-359.47592701	0.16064626
-359.44257060	0.16072246
-359.40921419	0.15667360
-359.37585778	0.14887057
-359.34250137	0.13819405
-359.30914496	0.12592228
-359.27578855	0.11238859
-359.24243214	0.09720705
-359.20907573	0.08070705
-359.17571932	0.06459158
-359.14236291	0.05077018
-359.10900650	0.03961512
-359.07565010	0.03052119
-359.04229369	0.02249908
-359.00893728	0.01511235
-358.97558087	0.00824235
-358.94222446	0.00120265
-358.90886805	-0.00732604
-358.87551164	-0.01749326
-358.84215523	-0.02902888
-358.80879882	-0.04106024
-358.77544241	-0.05314733
-358.74208600	-0.06511449
-358.70872959	-0.07707265
-358.67537318	-0.08725424
-358.64201677	-0.09379840
-358.60866036	-0.09569723
-358.57530395	-0.09359855
-358.54194754	-0.08903880
-358.50859113	-0.08305389
-358.47523472	-0.07665460
-358.44187831	-0.07005896
-358.40852190	-0.06372293
-358.37516550	-0.05770897
-358.34180909	-0.05116673
-358.30845268	-0.04293670
-358.27509627	-0.03299469
-358.24173986	-0.02182084
-358.20838345	-0.01108585
-358.17502704	-0.00004530
-358.14167063	0.01157583
-358.10831422	0.02362767
-358.07495781	0.03456585
-358.04160140	0.04331584
-358.00824499	0.04837970
-357.97488858	0.04978527
-357.94153217	0.04894657
-357.90817576	0.04823290
-357.87481935	0.04894258
-357.84146294	0.05162060
-357.80810653	0.05562989
-357.77475012	0.05917089
-357.74139371	0.06009233
-357.70803730	0.05715984
-357.67468090	0.05135358
-357.64132449	0.04352113
-357.60796808	0.03510950
-357.57461167	0.02681656
-357.54125526	0.01879243
-357.50789885	0.01098618
-357.47454244	0.00345961
-357.44118603	-0.00330096
-357.40782962	-0.00833176
-357.37447321	-0.01143429
-357.34111680	-0.01229463
-357.30776039	-0.01114098
-357.27440398	-0.00835171
-357.24104757	-0.00471585
-357.20769116	-0.00071582
-357.17433475	0.00302296
-357.14097834	0.00605206
-357.10762193	0.00840178
-357.07426552	0.00996651
-357.04090911	0.00951170
-357.00755271	0.00676698
-356.97419630	0.00161300
-356.94083989	-0.00458161
-356.90748348	-0.00963208
-356.87412707	-0.01098239
-356.84077066	-0.00773944
-356.80741425	-0.00007664
-356.77405784	0.01065765
-356.74070143	0.02188692
-356.70734502	0.03209921
-356.67398861	0.03935336
-356.64063220	0.04331642
-356.60727579	0.04519894
-356.57391938	0.04647485
-356.54056297	0.04783472
-356.50720656	0.04933256
-356.47385015	0.05041173
-356.44049374	0.05051146
-356.40713733	0.04963652
-356.37378092	0.04801995
-356.34042451	0.04664310
-356.30706811	0.04572580
-356.27371170	0.04539179
-356.24035529	0.04505440
-356.20699888	0.04459519
-356.17364247	0.04354720
-356.14028606	0.04221520
-356.10692965	0.04105102
-356.07357324	0.04103578
-356.04021683	0.04246626
-356.00686042	0.04578543
-355.97350401	0.05029956
-355.94014760	0.05523681
-355.90679119	0.05949730
-355.87343478	0.06156048
-355.84007837	0.06018620
-355.80672196	0.05536384
-355.77336555	0.04763670
-355.74000914	0.03808839
-355.70665273	0.02855153
-355.67329632	0.02080531
-355.63993991	0.01546190
-355.60658351	0.01319718
-355.57322710	0.01376583
-355.53987069	0.01607030
-355.50651428	0.01931698
-355.47315787	0.02283403
-355.43980146	0.02626408
-355.40644505	0.02865102
-355.37308864	0.02952019
-355.33973223	0.02886402
-355.30637582	0.02713095
-355.27301941	0.02538931
-355.23966300	0.02424109
-355.20630659	0.02411961
-355.17295018	0.02439107
-355.13959377	0.02447824
-355.10623736	0.02331344
-355.07288095	0.02072159
-355.03952454	0.01746605
-355.00616813	0.01503191
-354.97281172	0.01506838
-354.93945531	0.01896391
-354.90609891	0.02702097
-354.87274250	0.03809570
-354.83938609	0.05131342
-354.80602968	0.06395694
-354.77267327	0.07376659
-354.73931686	0.07957469
-354.70596045	0.08162199
-354.67260404	0.08024314
-354.63924763	0.07525578
-354.60589122	0.06787750
-354.57253481	0.05785316
-354.53917840	0.04635780
-354.50582199	0.03551811
-354.47246558	0.02670614
-354.43910917	0.02005969
-354.40575276	0.01608253
-354.37239635	0.01467707
-354.33903994	0.01535153
-354.30568353	0.01782222
-354.27232712	0.02167378
-354.23897071	0.02608225
-354.20561431	0.03012765
-354.17225790	0.03328037
-354.13890149	0.03429138
-354.10554508	0.03229119
-354.07218867	0.02654243
-354.03883226	0.01648574
-354.00547585	0.00247504
-353.97211944	-0.01257092
-353.93876303	-0.02632783
-353.90540662	-0.03783795
-353.87205021	-0.04615415
-353.83869380	-0.05125580
-353.80533739	-0.05421353
-353.77198098	-0.05589091
-353.73862457	-0.05675799
-353.70526816	-0.05670116
-353.67191175	-0.05607713
-353.63855534	-0.05479197
-353.60519893	-0.05328208
-353.57184252	-0.05222370
-353.53848611	-0.05143613
-353.50512971	-0.05105104
-353.47177330	-0.05051902
-353.43841689	-0.04884903
-353.40506048	-0.04587696
-353.37170407	-0.04138830
-353.33834766	-0.03557648
-353.30499125	-0.02916083
-353.27163484	-0.02241619
-353.23827843	-0.01558862
-353.20492202	-0.00918582
-353.17156561	-0.00309985
-353.13820920	0.00291800
-353.10485279	0.00997276
-353.07149638	0.01830826
-353.03813997	0.02755363
-353.00478356	0.03719465
-352.97142715	0.04628518
-352.93807074	0.05295746
-352.90471433	0.05595118
-352.87135792	0.05542159
-352.83800152	0.05213928
-352.80464511	0.04732039
-352.77128870	0.04190219
-352.73793229	0.03677468
-352.70457588	0.03210261
-352.67121947	0.02850469
-352.63786306	0.02623414
-352.60450665	0.02568524
-352.57115024	0.02710641
-352.53779383	0.03019067
-352.50443742	0.03478331
-352.47108101	0.03954023
-352.43772460	0.04426970
-352.40436819	0.04783332
-352.37101178	0.05024810
-352.33765537	0.05191466
-352.30429896	0.05312451
-352.27094255	0.05363230
-352.23758614	0.05306002
-352.20422973	0.05126977
-352.17087332	0.04846594
-352.13751692	0.04493536
-352.10416051	0.04161895
-352.07080410	0.03883188
-352.03744769	0.03659948
-352.00409128	0.03489354
-351.97073487	0.03366795
-351.93737846	0.03291303
-351.90402205	0.03302256
-351.87066564	0.03364842
-351.83730923	0.03447426
-351.80395282	0.03530901
-351.77059641	0.03595001
-351.73724000	0.03623949
-351.70388359	0.03640681
-351.67052718	0.03600564
-351.63717077	0.03487713
-351.60381436	0.03295478
-351.57045795	0.03021701
-351.53710154	0.02755376
-351.50374513	0.02527243
-351.47038872	0.02382766
-351.43703232	0.02304250
-351.40367591	0.02317786
-351.37031950	0.02435403
-351.33696309	0.02664273
-351.30360668	0.03020002
-351.27025027	0.03450441
-351.23689386	0.03889771
-351.20353745	0.04298495
-351.17018104	0.04611936
-351.13682463	0.04808874
-351.10346822	0.04903282
-351.07011181	0.04885638
-351.03675540	0.04791262
-351.00339899	0.04621323
-350.97004258	0.04320045
-350.93668617	0.03887767
-350.90332976	0.03285204
-350.86997335	0.02597458
-350.83661694	0.01863221
-350.80326053	0.01214683
-350.76990412	0.00735020
-350.73654772	0.00498341
-350.70319131	0.00435115
-350.66983490	0.00514202
-350.63647849	0.00698677
-350.60312208	0.00988841
-350.56976567	0.01381024
-350.53640926	0.01851297
-350.50305285	0.02332044
-350.46969644	0.02731461
-350.43634003	0.03047449
-350.40298362	0.03205789
-350.36962721	0.03269671
-350.33627080	0.03285473
-350.30291439	0.03299747
-350.26955798	0.03331874
-350.23620157	0.03342343
-350.20284516	0.03275507
-350.16948875	0.03086069
-350.13613234	0.02735235
-350.10277593	0.02249056
-350.06941952	0.01684282
-350.03606312	0.01182088
-350.00270671	0.00891546
-349.96935030	0.00923848
-349.93599389	0.01223662
-349.90263748	0.01718029
-349.86928107	0.02265799
-349.83592466	0.02762605
-349.80256825	0.03102374
-349.76921184	0.03325520
-349.73585543	0.03440716
-349.70249902	0.03535592
-349.66914261	0.03611015
-349.63578620	0.03684557
-349.60242979	0.03775861
-349.56907338	0.03866585
-349.53571697	0.03969169
-349.50236056	0.04151270
-349.46900415	0.04395984
-349.43564774	0.04684107
-349.40229133	0.04935228
-349.36893492	0.05104551
-349.33557852	0.05112918
-349.30222211	0.04962811
-349.26886570	0.04694628
-349.23550929	0.04358700
-349.20215288	0.04012515
-349.16879647	0.03693533
-349.13544006	0.03340652
-349.10208365	0.02905435
-349.06872724	0.02337048
-349.03537083	0.01662460
-349.00201442	0.00976326
-348.96865801	0.00333209
-348.93530160	-0.00159383
-348.90194519	-0.00414430
-348.86858878	-0.00445552
-348.83523237	-0.00289408
-348.80187596	-0.00014486
-348.76851955	0.00336692
-348.73516314	0.00710778
-348.70180673	0.01117834
-348.66845033	0.01546731
-348.63509392	0.01936671
-348.60173751	0.02222902
-348.56838110	0.02288951
-348.53502469	0.02092319
-348.50166828	0.01595300
-348.46831187	0.00918423
-348.43495546	0.00183490
-348.40159905	-0.00460096
-348.36824264	-0.00905169
-348.33488623	-0.01183480
-348.30152982	-0.01392611
-348.26817341	-0.01579770
-348.23481700	-0.01708569
-348.20146059	-0.01746679
-348.16810418	-0.01638964
-348.13474777	-0.01367736
-348.10139136	-0.01003811
-348.06803495	-0.00641862
-348.03467854	-0.00364061
-348.00132213	-0.00231927
-347.96796573	-0.00264663
-347.93460932	-0.00443367
-347.90125291	-0.00689411
-347.86789650	-0.00922826
-347.83454009	-0.01050287
-347.80118368	-0.01018396
-347.76782727	-0.00806409
-347.73447086	-0.00321950
-347.70111445	0.00376151
-347.66775804	0.01249124
-347.63440163	0.02213056
-347.60104522	0.03171868
-347.56768881	0.03969921
-347.53433240	0.04507351
-347.50097599	0.04746931
-347.46761958	0.04660946
-347.43426317	0.04255350
-347.40090676	0.03639832
-347.36755035	0.02903559
-347.33419394	0.02169489
-347.30083753	0.01574389
-347.26748113	0.01149136
-347.23412472	0.00830024
-347.20076831	0.00580951
-347.16741190	0.00364283
-347.13405549	0.00171797
-347.10069908	0.00125763
-347.06734267	0.00351231
-347.03398626	0.00955610
-347.00062985	0.01887640
-346.96727344	0.03132672
-346.93391703	0.04519428
-346.90056062	0.05815324
-346.86720421	0.06743567
-346.83384780	0.07230990
-346.80049139	0.07154389
-346.76713498	0.06583925
-346.73377857	0.05686096
-346.70042216	0.04577580
-346.66706575	0.03395246
-346.63370934	0.02281081
-346.60035293	0.01341582
-346.56699653	0.00581960
-346.53364012	0.00062278
-346.50028371	-0.00209632
-346.46692730	-0.00274092
-346.43357089	-0.00189904
-346.40021448	-0.00005291
-346.36685807	0.00174972
-346.33350166	0.00345537
-346.30014525	0.00504487
-346.26678884	0.00684002
-346.23343243	0.00913369
-346.20007602	0.01198040
-346.16671961	0.01521800
-346.13336320	0.01808205
-346.10000679	0.01995308
-346.06665038	0.02083842
-346.03329397	0.02126941
-345.99993756	0.02161115
-345.96658115	0.02241278
-345.93322474	0.02370456
-345.89986833	0.02526924
-345.86651193	0.02683850
-345.83315552	0.02786836
-345.79979911	0.02826604
-345.76644270	0.02795856
-345.73308629	0.02691581
-345.69972988	0.02551724
-345.66637347	0.02356813
-345.63301706	0.02113642
-345.59966065	0.01788636
-345.56630424	0.01395044
-345.53294783	0.00964508
-345.49959142	0.00467847
-345.46623501	-0.00048342
-345.43287860	-0.00528737
-345.39952219	-0.00932264
-345.36616578	-0.01211239
-345.33280937	-0.01270522
-345.29945296	-0.01069658
-345.26609655	-0.00621921
-345.23274014	0.00084036
-345.19938373	0.00930421
-345.16602733	0.01749950
-345.13267092	0.02474755
-345.09931451	0.03110805
-345.06595810	0.03622442
-345.03260169	0.03995779
-344.99924528	0.04190445
-344.96588887	0.04213380
-344.93253246	0.04023088
-344.89917605	0.03618601
-344.86581964	0.03096402
-344.83246323	0.02465315
-344.79910682	0.01864283
-344.76575041	0.01387874
-344.73239400	0.01067201
-344.69903759	0.00945885
-344.66568118	0.01031390
-344.63232477	0.01281770
-344.59896836	0.01667178
-344.56561195	0.02118323
-344.53225554	0.02562552
-344.49889914	0.02961131
-344.46554273	0.03214511
-344.43218632	0.03327084
-344.39882991	0.03283169
-344.36547350	0.03118498
-344.33211709	0.02897272
-344.29876068	0.02683471
-344.26540427	0.02548908
-344.23204786	0.02531480
-344.19869145	0.02639635
-344.16533504	0.02795409
-344.13197863	0.02934811
-344.09862222	0.02997727
-344.06526581	0.03008592
-344.03190940	0.02994095
-343.99855299	0.03038029
-343.96519658	0.03141276
-343.93184017	0.03298388
-343.89848376	0.03422665
-343.86512735	0.03386681
-343.83177094	0.03062559
-343.79841454	0.02492031
-343.76505813	0.01729796
-343.73170172	0.00930463
-343.69834531	0.00288411
-343.66498890	-0.00085218
-343.63163249	-0.00217110
-343.59827608	-0.00166112
-343.56491967	0.00019155
-343.53156326	0.00286145
-343.49820685	0.00686804
-343.46485044	0.01271779
-343.43149403	0.02058313
-343.39813762	0.02979443
-343.36478121	0.03968659
-343.33142480	0.04869152
-343.29806839	0.05440000
-343.26471198	0.05606021
-343.23135557	0.05347390
-343.19799916	0.04666193
-343.16464275	0.03719026
-343.13128634	0.02681534
-343.09792994	0.01609983
-343.06457353	0.00597555
-343.03121712	-0.00248738
-342.99786071	-0.00911020
-342.96450430	-0.01382370
-342.93114789	-0.01602137
-342.89779148	-0.01555960
-342.86443507	-0.01288061
-342.83107866	-0.00848553
-342.79772225	-0.00327400
-342.76436584	0.00175853
-342.73100943	0.00624222
-342.69765302	0.01005241
-342.66429661	0.01327263
-342.63094020	0.01561600
-342.59758379	0.01678186
-342.56422738	0.01641517
-342.53087097	0.01403912
-342.49751456	0.01015023
-342.46415815	0.00593090
-342.43080174	0.00245992
-342.39744534	0.00110823
-342.36408893	0.00286411
-342.33073252	0.00741157
-342.29737611	0.01406598
-342.26401970	0.02145632
-342.23066329	0.02749603
-342.19730688	0.03165348
-342.16395047	0.03395505
-342.13059406	0.03446727
-342.09723765	0.03399055
-342.06388124	0.03307538
-342.03052483	0.03207128
-341.99716842	0.03142478
-341.96381201	0.03119690
-341.93045560	0.03101248
-341.89709919	0.03019844
-341.86374278	0.02864273
-341.83038637	0.02612363
-341.79702996	0.02343727
-341.76367355	0.02095143
-341.73031714	0.01964086
-341.69696074	0.02001513
-341.66360433	0.02184944
-341.63024792	0.02463911
-341.59689151	0.02811611
-341.56353510	0.03122462
-341.53017869	0.03323182
-341.49682228	0.03328961
-341.46346587	0.03071086
-341.43010946	0.02490060
-341.39675305	0.01676088
-341.36339664	0.00664885
-341.33004023	-0.00396364
-341.29668382	-0.01311288
-341.26332741	-0.01930512
-341.22997100	-0.02237882
-341.19661459	-0.02245388
-341.16325818	-0.02063876
-341.12990177	-0.01791533
-341.09654536	-0.01515960
-341.06318895	-0.01216693
-341.02983255	-0.00833355
-340.99647614	-0.00337405
-340.96311973	0.00313299
-340.92976332	0.01064701
-340.89640691	0.01803664
-340.86305050	0.02351649
-340.82969409	0.02719752
-340.79633768	0.02897203
-340.76298127	0.02889126
-340.72962486	0.02788118
-340.69626845	0.02645450
-340.66291204	0.02548686
-340.62955563	0.02537342
-340.59619922	0.02604873
-340.56284281	0.02760531
-340.52948640	0.02966937
-340.49612999	0.03189412
-340.46277358	0.03408592
-340.42941717	0.03559856
-340.39606076	0.03633346
-340.36270435	0.03579609
-340.32934795	0.03412774
-340.29599154	0.03132271
-340.26263513	0.02764741
-340.22927872	0.02349179
-340.19592231	0.01956181
-340.16256590	0.01625625
-340.12920949	0.01360810
-340.09585308	0.01157495
-340.06249667	0.01014578
-340.02914026	0.00909481
-339.99578385	0.00925431
-339.96242744	0.01076576
-339.92907103	0.01368905
-339.89571462	0.01757306
-339.86235821	0.02219374
-339.82900180	0.02651555
-339.79564539	0.03012682
-339.76228898	0.03340725
-339.72893257	0.03624267
-339.69557616	0.03832739
-339.66221975	0.03924497
-339.62886335	0.03847802
-339.59550694	0.03554016
-339.56215053	0.03058238
-339.52879412	0.02451760
-339.49543771	0.01811739
-339.46208130	0.01203176
-339.42872489	0.00688328
-339.39536848	0.00367864
-339.36201207	0.00255303
-339.32865566	0.00436448
-339.29529925	0.00882013
-339.26194284	0.01449955
-339.22858643	0.02053938
-339.19523002	0.02554419
-339.16187361	0.02872557
-339.12851720	0.02922584
-339.09516079	0.02747115
-339.06180438	0.02425606
-339.02844797	0.02095555
-338.99509156	0.01857424
-338.96173515	0.01683399
-338.92837875	0.01569114
-338.89502234	0.01440106
-338.86166593	0.01285253
-338.82830952	0.01066425
-338.79495311	0.00825372
-338.76159670	0.00590597
-338.72824029	0.00426828
-338.69488388	0.00399707
-338.66152747	0.00518618
-338.62817106	0.00826855
-338.59481465	0.01230885
-338.56145824	0.01666154
-338.52810183	0.02011116
-338.49474542	0.02157017
-338.46138901	0.02069915
-338.42803260	0.01857863
-338.39467619	0.01540298
-338.36131978	0.01197037
-338.32796337	0.00938195
-338.29460696	0.00788281
-338.26125055	0.00823572
-338.22789415	0.01011501
-338.19453774	0.01344592
-338.16118133	0.01713830
-338.12782492	0.02053264
-338.09446851	0.02286724
-338.06111210	0.02376152
-338.02775569	0.02351627
-337.99439928	0.02277120
-337.96104287	0.02201545
-337.92768646	0.02137346
-337.89433005	0.02070169
-337.86097364	0.01897181
-337.82761723	0.01623164
-337.79426082	0.01225097
-337.76090441	0.00772037
-337.72754800	0.00370577
-337.69419159	0.00188535
-337.66083518	0.00300873
-337.62747877	0.00655302
-337.59412236	0.01178807
-337.56076595	0.01775491
-337.52740955	0.02256121
-337.49405314	0.02569107
-337.46069673	0.02699543
-337.42734032	0.02672136
-337.39398391	0.02552001
-337.36062750	0.02401211
-337.32727109	0.02221437
-337.29391468	0.02021996
-337.26055827	0.01808856
-337.22720186	0.01558480
-337.19384545	0.01299580
-337.16048904	0.01078953
-337.12713263	0.00968033
-337.09377622	0.00943410
-337.06041981	0.01039279
-337.02706340	0.01217275
-336.99370699	0.01441792
-336.96035058	0.01683316
-336.92699417	0.01980376
-336.89363776	0.02336310
-336.86028136	0.02731477
-336.82692495	0.03129789
-336.79356854	0.03483750
-336.76021213	0.03733992
-336.72685572	0.03831093
-336.69349931	0.03776727
-336.66014290	0.03625592
-336.62678649	0.03453163
-336.59343008	0.03301040
-336.56007367	0.03167946
-336.52671726	0.03048012
-336.49336085	0.02888486
-336.46000444	0.02748887
-336.42664803	0.02610376
-336.39329162	0.02541648
-336.35993521	0.02602356
-336.32657880	0.02797563
-336.29322239	0.03081936
-336.25986598	0.03352122
-336.22650957	0.03547617
-336.19315316	0.03564728
-336.15979676	0.03362595
-336.12644035	0.02958876
-336.09308394	0.02443445
-336.05972753	0.01944669
-336.02637112	0.01526457
-335.99301471	0.01258044
-335.95965830	0.01160655
-335.92630189	0.01241324
-335.89294548	0.01433391
-335.85958907	0.01692257
-335.82623266	0.01958456
-335.79287625	0.02201524
-335.75951984	0.02455995
-335.72616343	0.02709699
-335.69280702	0.02954170
-335.65945061	0.03147051
-335.62609420	0.03228270
-335.59273779	0.03179196
-335.55938138	0.03030326
-335.52602497	0.02844072
-335.49266856	0.02634390
-335.45931216	0.02436092
-335.42595575	0.02181548
-335.39259934	0.01912849
-335.35924293	0.01585546
-335.32588652	0.01217543
-335.29253011	0.00889735
-335.25917370	0.00669859
-335.22581729	0.00572911
-335.19246088	0.00592121
-335.15910447	0.00688142
-335.12574806	0.00809758
-335.09239165	0.00930834
-335.05903524	0.01091183
-335.02567883	0.01283161
-334.99232242	0.01523327
-334.95896601	0.01797617
-334.92560960	0.02087559
-334.89225319	0.02318994
-334.85889678	0.02463344
-334.82554037	0.02495038
-334.79218396	0.02449154
-334.75882756	0.02312906
-334.72547115	0.02189398
-334.69211474	0.02070547
-334.65875833	0.01949890
-334.62540192	0.01797305
-334.59204551	0.01581324
-334.55868910	0.01291014
-334.52533269	0.00949205
-334.49197628	0.00654930
-334.45861987	0.00492564
-334.42526346	0.00500027
-334.39190705	0.00649513
-334.35855064	0.00881197
-334.32519423	0.01115297
-334.29183782	0.01300120
-334.25848141	0.01370563
-334.22512500	0.01344767
-334.19176859	0.01282581
-334.15841218	0.01241998
-334.12505577	0.01271892
-334.09169936	0.01396865
-334.05834296	0.01621413
-334.02498655	0.01934019
-333.99163014	0.02323790
-333.95827373	0.02672018
-333.92491732	0.02932275
-333.89156091	0.03059546
-333.85820450	0.02978624
-333.82484809	0.02681178
-333.79149168	0.02227813
-333.75813527	0.01681526
-333.72477886	0.01146709
-333.69142245	0.00775703
-333.65806604	0.00568135
-333.62470963	0.00489216
-333.59135322	0.00490045
-333.55799681	0.00507939
-333.52464040	0.00491065
-333.49128399	0.00401458
-333.45792758	0.00247528
-333.42457117	0.00048564
-333.39121476	-0.00126417
-333.35785836	-0.00259310
-333.32450195	-0.00275633
-333.29114554	-0.00161521
-333.25778913	0.00083188
-333.22443272	0.00446717
-333.19107631	0.00857410
-333.15771990	0.01224373
-333.12436349	0.01475043
-333.09100708	0.01626279
-333.05765067	0.01664571
-333.02429426	0.01587499
-332.99093785	0.01430907
-332.95758144	0.01259854
-332.92422503	0.01075988
-332.89086862	0.00904095
-332.85751221	0.00759603
-332.82415580	0.00639570
-332.79079939	0.00501860
-332.75744298	0.00365213
-332.72408657	0.00249970
-332.69073017	0.00153084
-332.65737376	0.00114732
-332.62401735	0.00144068
-332.59066094	0.00254148
-332.55730453	0.00389337
-332.52394812	0.00515832
-332.49059171	0.00558109
-332.45723530	0.00489940
-332.42387889	0.00314668
-332.39052248	0.00096905
-332.35716607	-0.00081153
-332.32380966	-0.00117723
-332.29045325	-0.00012793
-332.25709684	0.00209615
-332.22374043	0.00531022
-332.19038402	0.00878294
-332.15702761	0.01200967
-332.12367120	0.01397921
-332.09031479	0.01455413
-332.05695838	0.01354698
-332.02360197	0.01162547
-331.99024557	0.00921104
-331.95688916	0.00724438
-331.92353275	0.00627863
-331.89017634	0.00624665
-331.85681993	0.00685002
-331.82346352	0.00740998
-331.79010711	0.00763115
-331.75675070	0.00710834
-331.72339429	0.00638032
-331.69003788	0.00597802
-331.65668147	0.00592246
-331.62332506	0.00682525
-331.58996865	0.00854960
-331.55661224	0.01089949
-331.52325583	0.01358945
-331.48989942	0.01678511
-331.45654301	0.02050542
-331.42318660	0.02504758
-331.38983019	0.03067425
-331.35647378	0.03717651
-331.32311737	0.04410568
-331.28976097	0.05006717
-331.25640456	0.05410906
-331.22304815	0.05596596
-331.18969174	0.05571845
-331.15633533	0.05381876
-331.12297892	0.05093673
-331.08962251	0.04776162
-331.05626610	0.04519842
-331.02290969	0.04364240
-330.98955328	0.04297792
-330.95619687	0.04296748
-330.92284046	0.04334445
-330.88948405	0.04410123
-330.85612764	0.04517214
-330.82277123	0.04636160
-330.78941482	0.04763756
-330.75605841	0.04874297
-330.72270200	0.04962438
-330.68934559	0.05041107
-330.65598918	0.05127963
-330.62263277	0.05238831
-330.58927637	0.05344311
-330.55591996	0.05413330
-330.52256355	0.05364452
-330.48920714	0.05171710
-330.45585073	0.04851138
-330.42249432	0.04468078
-330.38913791	0.04092961
-330.35578150	0.03757703
-330.32242509	0.03479551
-330.28906868	0.03175922
-330.25571227	0.02797266
-330.22235586	0.02347116
-330.18899945	0.01841551
-330.15564304	0.01257517
-330.12228663	0.00654940
-330.08893022	0.00106102
-330.05557381	-0.00324248
-330.02221740	-0.00613132
-329.98886099	-0.00768457
-329.95550458	-0.00815033
-329.92214817	-0.00817694
-329.88879177	-0.00863840
-329.85543536	-0.00994128
-329.82207895	-0.01212676
-329.78872254	-0.01481000
-329.75536613	-0.01776424
-329.72200972	-0.02008466
-329.68865331	-0.02190390
-329.65529690	-0.02316056
-329.62194049	-0.02404537
-329.58858408	-0.02459113
-329.55522767	-0.02478060
-329.52187126	-0.02419832
-329.48851485	-0.02263581
-329.45515844	-0.01974762
-329.42180203	-0.01647364
-329.38844562	-0.01343050
-329.35508921	-0.01095379
-329.32173280	-0.00963502
-329.28837639	-0.00937693
-329.25501998	-0.00958675
-329.22166358	-0.00988613
-329.18830717	-0.00962370
-329.15495076	-0.00843212
-329.12159435	-0.00664255
-329.08823794	-0.00395346
-329.05488153	-0.00027956
-329.02152512	0.00416743
-328.98816871	0.00941802
-328.95481230	0.01561570
-328.92145589	0.02211188
-328.88809948	0.02789650
-328.85474307	0.03230969
-328.82138666	0.03526003
-328.78803025	0.03654315
-328.75467384	0.03709122
-328.72131743	0.03714153
-328.68796102	0.03735164
-328.65460461	0.03830802
-328.62124820	0.03942559
-328.58789179	0.04013569
-328.55453538	0.03988295
-328.52117898	0.03847741
-328.48782257	0.03638733
-328.45446616	0.03430824
-328.42110975	0.03290857
-328.38775334	0.03215748
-328.35439693	0.03191291
-328.32104052	0.03149999
-328.28768411	0.03020068
-328.25432770	0.02763965
-328.22097129	0.02413059
-328.18761488	0.02011975
-328.15425847	0.01565772
-328.12090206	0.01157816
-328.08754565	0.00784001
-328.05418924	0.00472109
-328.02083283	0.00182570
-327.98747642	-0.00089332
-327.95412001	-0.00318474
-327.92076360	-0.00488175
-327.88740719	-0.00542600
-327.85405078	-0.00497160
-327.82069438	-0.00310011
-327.78733797	-0.00038966
-327.75398156	0.00264702
-327.72062515	0.00545350
-327.68726874	0.00777128
-327.65391233	0.00924369
-327.62055592	0.01007408
-327.58719951	0.01018071
-327.55384310	0.00992240
-327.52048669	0.00918093
-327.48713028	0.00783282
-327.45377387	0.00591644
-327.42041746	0.00328330
-327.38706105	0.00053196
-327.35370464	-0.00190501
-327.32034823	-0.00343120
-327.28699182	-0.00341804
-327.25363541	-0.00199377
-327.22027900	0.00074507
-327.18692259	0.00436046
-327.15356618	0.00840175
-327.12020978	0.01232170
-327.08685337	0.01622392
-327.05349696	0.01953262
-327.02014055	0.02148404
-326.98678414	0.02154554
-326.95342773	0.02003980
-326.92007132	0.01713018
-326.88671491	0.01343170
-326.85335850	0.01028563
-326.82000209	0.00806008
-326.78664568	0.00706140
-326.75328927	0.00699772
-326.71993286	0.00727500
-326.68657645	0.00751631
-326.65322004	0.00745100
-326.61986363	0.00721616
-326.58650722	0.00716282
-326.55315081	0.00753527
-326.51979440	0.00849776
-326.48643799	0.01038348
-326.45308158	0.01288994
-326.41972518	0.01579417
-326.38636877	0.01871658
-326.35301236	0.02102852
-326.31965595	0.02244156
-326.28629954	0.02281074
-326.25294313	0.02210753
-326.21958672	0.02077761
-326.18623031	0.01925530
-326.15287390	0.01817132
-326.11951749	0.01799653
-326.08616108	0.01896195
-326.05280467	0.02110855
-326.01944826	0.02399293
-325.98609185	0.02768134
-325.95273544	0.03147529
-325.91937903	0.03505195
-325.88602262	0.03898851
-325.85266621	0.04321338
-325.81930980	0.04799700
-325.78595339	0.05273003
-325.75259698	0.05739155
-325.71924058	0.06160382
-325.68588417	0.06485814
-325.65252776	0.06707656
-325.61917135	0.06811646
-325.58581494	0.06798573
-325.55245853	0.06644618
-325.51910212	0.06347456
-325.48574571	0.05938206
-325.45238930	0.05488242
-325.41903289	0.05117853
-325.38567648	0.04928509
-325.35232007	0.04942963
-325.31896366	0.05173862
-325.28560725	0.05525576
-325.25225084	0.05881816
-325.21889443	0.06152960
-325.18553802	0.06341148
-325.15218161	0.06470434
-325.11882520	0.06650600
-325.08546879	0.06919480
-325.05211239	0.07322163
-325.01875598	0.07812987
-324.98539957	0.08299134
-324.95204316	0.08731556
-324.91868675	0.09099380
-324.88533034	0.09390611
-324.85197393	0.09574429
-324.81861752	0.09690544
-324.78526111	0.09710011
-324.75190470	0.09600566
-324.71854829	0.09374737
-324.68519188	0.09031779
-324.65183547	0.08545140
-324.61847906	0.07931797
-324.58512265	0.07242105
-324.55176624	0.06448403
-324.51840983	0.05550482
-324.48505342	0.04565689
-324.45169701	0.03613678
-324.41834060	0.02662670
-324.38498419	0.01751959
-324.35162779	0.00950264
-324.31827138	0.00292620
-324.28491497	-0.00270058
-324.25155856	-0.00749713
-324.21820215	-0.01180526
-324.18484574	-0.01582574
-324.15148933	-0.02001672
-324.11813292	-0.02498057
-324.08477651	-0.03063470
-324.05142010	-0.03676666
-324.01806369	-0.04324985
-323.98470728	-0.05011332
-323.95135087	-0.05708046
-323.91799446	-0.06364803
-323.88463805	-0.06999569
-323.85128164	-0.07631878
-323.81792523	-0.08221373
-323.78456882	-0.08717311
-323.75121241	-0.09106554
-323.71785600	-0.09363944
-323.68449959	-0.09471590
-323.65114319	-0.09439377
-323.61778678	-0.09335369
-323.58443037	-0.09151165
-323.55107396	-0.08959829
-323.51771755	-0.08750750
-323.48436114	-0.08527777
-323.45100473	-0.08301390
-323.41764832	-0.08095569
-323.38429191	-0.07965392
-323.35093550	-0.07946554
-323.31757909	-0.08067872
-323.28422268	-0.08284324
-323.25086627	-0.08516251
-323.21750986	-0.08692118
-323.18415345	-0.08683794
-323.15079704	-0.08425535
-323.11744063	-0.07935129
-323.08408422	-0.07232153
-323.05072781	-0.06388239
-323.01737140	-0.05501965
-322.98401499	-0.04679240
-322.95065859	-0.03969867
-322.91730218	-0.03347696
-322.88394577	-0.02877461
-322.85058936	-0.02589135
-322.81723295	-0.02436039
-322.78387654	-0.02340540
-322.75052013	-0.02227980
-322.71716372	-0.02051272
-322.68380731	-0.01727787
-322.65045090	-0.01225687
-322.61709449	-0.00598178
-322.58373808	0.00057204
-322.55038167	0.00683145
-322.51702526	0.01258162
-322.48366885	0.01734753
-322.45031244	0.02118735
-322.41695603	0.02459348
-322.38359962	0.02782335
-322.35024321	0.03100199
-322.31688680	0.03376775
-322.28353039	0.03626605
-322.25017399	0.03840644
-322.21681758	0.04029669
-322.18346117	0.04210614
-322.15010476	0.04455738
-322.11674835	0.04827042
-322.08339194	0.05360470
-322.05003553	0.06018054
-322.01667912	0.06746387
-321.98332271	0.07493453
-321.94996630	0.08167134
-321.91660989	0.08734759
-321.88325348	0.09235323
-321.84989707	0.09733543
-321.81654066	0.10279640
-321.78318425	0.10820327
-321.74982784	0.11380601
-321.71647143	0.11845434
-321.68311502	0.12125733
-321.64975861	0.12192723
-321.61640220	0.12093468
-321.58304579	0.11895191
-321.54968939	0.11689372
-321.51633298	0.11568878
-321.48297657	0.11548037
-321.44962016	0.11628765
-321.41626375	0.11793052
-321.38290734	0.12019064
-321.34955093	0.12273637
-321.31619452	0.12561217
-321.28283811	0.12809516
-321.24948170	0.12938575
-321.21612529	0.12880725
-321.18276888	0.12640032
-321.14941247	0.12242954
-321.11605606	0.11780542
-321.08269965	0.11259650
-321.04934324	0.10677269
-321.01598683	0.10032896
-320.98263042	0.09308966
-320.94927401	0.08523859
-320.91591760	0.07689909
-320.88256120	0.06884587
-320.84920479	0.06205860
-320.81584838	0.05686449
-320.78249197	0.05278053
-320.74913556	0.04999875
-320.71577915	0.04792464
-320.68242274	0.04544870
-320.64906633	0.04241869
-320.61570992	0.03878914
-320.58235351	0.03477769
-320.54899710	0.03070730
-320.51564069	0.02645258
-320.48228428	0.02231401
-320.44892787	0.01892123
-320.41557146	0.01623110
-320.38221505	0.01383449
-320.34885864	0.01209061
-320.31550223	0.01033513
-320.28214582	0.00865999
-320.24878941	0.00673891
-320.21543300	0.00501720
-320.18207660	0.00357926
-320.14872019	0.00271063
-320.11536378	0.00274421
-320.08200737	0.00345741
-320.04865096	0.00440266
-320.01529455	0.00519746
-319.98193814	0.00507514
-319.94858173	0.00374721
-319.91522532	0.00091853
-319.88186891	-0.00312760
-319.84851250	-0.00794399
-319.81515609	-0.01308160
-319.78179968	-0.01777989
-319.74844327	-0.02216881
-319.71508686	-0.02633014
-319.68173045	-0.02965437
-319.64837404	-0.03175721
-319.61501763	-0.03221788
-319.58166122	-0.03094820
-319.54830481	-0.02813587
-319.51494840	-0.02462341
-319.48159200	-0.02072141
-319.44823559	-0.01671071
-319.41487918	-0.01282547
-319.38152277	-0.00927617
-319.34816636	-0.00595064
-319.31480995	-0.00328717
-319.28145354	-0.00160131
-319.24809713	-0.00125616
-319.21474072	-0.00233704
-319.18138431	-0.00490401
-319.14802790	-0.00825683
-319.11467149	-0.01172640
-319.08131508	-0.01457640
-319.04795867	-0.01648725
-319.01460226	-0.01715643
-318.98124585	-0.01655637
-318.94788944	-0.01500261
-318.91453303	-0.01232051
-318.88117662	-0.00834443
-318.84782021	-0.00365117
-318.81446380	0.00167245
-318.78110740	0.00738265
-318.74775099	0.01282776
-318.71439458	0.01761207
-318.68103817	0.02185926
-318.64768176	0.02552974
-318.61432535	0.02873740
-318.58096894	0.03113583
-318.54761253	0.03341304
-318.51425612	0.03559968
-318.48089971	0.03804659
-318.44754330	0.04026824
-318.41418689	0.04248824
-318.38083048	0.04370215
-318.34747407	0.04351306
-318.31411766	0.04160093
-318.28076125	0.03856447
-318.24740484	0.03483216
-318.21404843	0.03149327
-318.18069202	0.02881134
-318.14733561	0.02671780
-318.11397920	0.02511622
-318.08062280	0.02372676
-318.04726639	0.02246416
-318.01390998	0.02100796
-317.98055357	0.01961232
-317.94719716	0.01836235
-317.91384075	0.01753004
-317.88048434	0.01712946
-317.84712793	0.01775895
-317.81377152	0.01972514
-317.78041511	0.02313191
-317.74705870	0.02785927
-317.71370229	0.03355584
-317.68034588	0.03880417
-317.64698947	0.04251054
-317.61363306	0.04427829
-317.58027665	0.04384377
-317.54692024	0.04116215
-317.51356383	0.03724241
-317.48020742	0.03273330
-317.44685101	0.02810470
-317.41349460	0.02424704
-317.38013820	0.02162687
-317.34678179	0.02015093
-317.31342538	0.01945108
-317.28006897	0.01924711
-317.24671256	0.01927092
-317.21335615	0.01951247
-317.17999974	0.02016735
-317.14664333	0.02162487
-317.11328692	0.02375436
-317.07993051	0.02655752
-317.04657410	0.02980615
-317.01321769	0.03293800
-316.97986128	0.03536518
-316.94650487	0.03690496
-316.91314846	0.03739431
-316.87979205	0.03690749
-316.84643564	0.03593232
-316.81307923	0.03471079
-316.77972282	0.03356565
-316.74636641	0.03297750
-316.71301001	0.03267686
-316.67965360	0.03295059
-316.64629719	0.03346048
-316.61294078	0.03361970
-316.57958437	0.03317798
-316.54622796	0.03205887
-316.51287155	0.03016483
-316.47951514	0.02772702
-316.44615873	0.02517211
-316.41280232	0.02277294
-316.37944591	0.02051649
-316.34608950	0.01838042
-316.31273309	0.01648676
-316.27937668	0.01446257
-316.24602027	0.01219383
-316.21266386	0.00949139
-316.17930745	0.00653652
-316.14595104	0.00400729
-316.11259463	0.00235154
-316.07923822	0.00244567
-316.04588181	0.00445584
-316.01252541	0.00801670
-315.97916900	0.01261418
-315.94581259	0.01725109
-315.91245618	0.02104748
-315.87909977	0.02389062
-315.84574336	0.02596207
-315.81238695	0.02725596
-315.77903054	0.02792294
-315.74567413	0.02795475
-315.71231772	0.02696533
-315.67896131	0.02485024
-315.64560490	0.02192526
-315.61224849	0.01847831
-315.57889208	0.01514605
-315.54553567	0.01259527
-315.51217926	0.01098710
-315.47882285	0.00989952
-315.44546644	0.00916625
-315.41211003	0.00822317
-315.37875362	0.00742898
-315.34539721	0.00672499
-315.31204081	0.00622904
-315.27868440	0.00597800
-315.24532799	0.00585031
-315.21197158	0.00562706
-315.17861517	0.00534942
-315.14525876	0.00528926
-315.11190235	0.00585770
-315.07854594	0.00715349
-315.04518953	0.00909311
-315.01183312	0.01099580
-314.97847671	0.01235249
-314.94512030	0.01268786
-314.91176389	0.01229255
-314.87840748	0.01091150
-314.84505107	0.00892004
-314.81169466	0.00675828
-314.77833825	0.00468124
-314.74498184	0.00294200
-314.71162543	0.00149290
-314.67826902	0.00001568
-314.64491261	-0.00180876
-314.61155621	-0.00406668
-314.57819980	-0.00669657
-314.54484339	-0.00941451
-314.51148698	-0.01205849
-314.47813057	-0.01428213
-314.44477416	-0.01594353
-314.41141775	-0.01722328
-314.37806134	-0.01822556
-314.34470493	-0.01875026
-314.31134852	-0.01863236
-314.27799211	-0.01804248
-314.24463570	-0.01666173
-314.21127929	-0.01486667
-314.17792288	-0.01277251
-314.14456647	-0.01076591
-314.11121006	-0.00868622
-314.07785365	-0.00696918
-314.04449724	-0.00568798
-314.01114083	-0.00462682
-313.97778442	-0.00382910
-313.94442801	-0.00290707
-313.91107161	-0.00191694
-313.87771520	-0.00055470
-313.84435879	0.00170319
-313.81100238	0.00502299
-313.77764597	0.00956799
-313.74428956	0.01546633
-313.71093315	0.02259415
-313.67757674	0.03059637
-313.64422033	0.03844522
-313.61086392	0.04625313
-313.57750751	0.05373523
-313.54415110	0.06044254
-313.51079469	0.06573088
-313.47743828	0.06959871
-313.44408187	0.07254698
-313.41072546	0.07461426
-313.37736905	0.07648560
-313.34401264	0.07812788
-313.31065623	0.07959754
-313.27729982	0.08024252
-313.24394342	0.07995490
-313.21058701	0.07802116
-313.17723060	0.07479314
-313.14387419	0.07050242
-313.11051778	0.06562928
-313.07716137	0.06003687
-313.04380496	0.05358287
-313.01044855	0.04613188
-312.97709214	0.03763783
-312.94373573	0.02789863
-312.91037932	0.01697357
-312.87702291	0.00587164
-312.84366650	-0.00456606
-312.81031009	-0.01427390
-312.77695368	-0.02325580
-312.74359727	-0.03149738
-312.71024086	-0.03864766
-312.67688445	-0.04517959
-312.64352804	-0.05126740
-312.61017163	-0.05634370
-312.57681522	-0.06010142
-312.54345882	-0.06235083
-312.51010241	-0.06234319
-312.47674600	-0.05979199
-312.44338959	-0.05457394
-312.41003318	-0.04677999
-312.37667677	-0.03695446
-312.34332036	-0.02627349
-312.30996395	-0.01573419
-312.27660754	-0.00494609
-312.24325113	0.00620376
-312.20989472	0.01785535
-312.17653831	0.02934655
-312.14318190	0.04143172
-312.10982549	0.05404472
-312.07646908	0.06618678
-312.04311267	0.07699731
-312.00975626	0.08685519
-311.97639985	0.09518888
-311.94304344	0.10150697
-311.90968703	0.10493458
-311.87633062	0.10535746
-311.84297422	0.10256912
-311.80961781	0.09675184
-311.77626140	0.08927479
-311.74290499	0.08036695
-311.70954858	0.07022622
-311.67619217	0.05882327
-311.64283576	0.04695687
-311.60947935	0.03388717
-311.57612294	0.01993306
-311.54276653	0.00621506
-311.50941012	-0.00578137
-311.47605371	-0.01615663
-311.44269730	-0.02460157
-311.40934089	-0.03072555
-311.37598448	-0.03411011
-311.34262807	-0.03548078
-311.30927166	-0.03494496
-311.27591525	-0.03313735
-311.24255884	-0.03031821
-311.20920243	-0.02678235
-311.17584602	-0.02209999
-311.14248962	-0.01640820
-311.10913321	-0.01007577
-311.07577680	-0.00274779
-311.04242039	0.00508063
-311.00906398	0.01265801
-310.97570757	0.01961640
-310.94235116	0.02603383
-310.90899475	0.03163045
-310.87563834	0.03625432
-310.84228193	0.03947883
-310.80892552	0.04119796
-310.77556911	0.04079366
-310.74221270	0.03832686
-310.70885629	0.03437741
-310.67549988	0.02928822
-310.64214347	0.02349683
-310.60878706	0.01773762
-310.57543065	0.01286864
-310.54207424	0.00915531
-310.50871783	0.00689714
-310.47536142	0.00651140
-310.44200502	0.00799207
-310.40864861	0.01126767
-310.37529220	0.01666397
-310.34193579	0.02429762
-310.30857938	0.03390659
-310.27522297	0.04573416
-310.24186656	0.05915722
-310.20851015	0.07256337
-310.17515374	0.08434666
-310.14179733	0.09424121
-310.10844092	0.10215531
-310.07508451	0.10735942
-310.04172810	0.10950794
-310.00837169	0.10806043
-309.97501528	0.10205844
-309.94165887	0.09174406
-309.90830246	0.07810004
-309.87494605	0.06153015
-309.84158964	0.04282952
-309.80823323	0.02337655
-309.77487682	0.00469776
-309.74152042	-0.01318938
-309.70816401	-0.02952825
-309.67480760	-0.04291772
-309.64145119	-0.05251270
-309.60809478	-0.05860517
-309.57473837	-0.06051792
-309.54138196	-0.05744132
-309.50802555	-0.04966713
-309.47466914	-0.03680381
-309.44131273	-0.01959051
-309.40795632	-0.00045250
-309.37459991	0.01833506
-309.34124350	0.03660794
-309.30788709	0.05364506
-309.27453068	0.06878278
-309.24117427	0.08085029
-309.20781786	0.08966815
-309.17446145	0.09427480
-309.14110504	0.09397958
-309.10774863	0.08959418
-309.07439223	0.08201455
-309.04103582	0.07176262
-309.00767941	0.05929131
-308.97432300	0.04630338
-308.94096659	0.03284256
-308.90761018	0.02006577
-308.87425377	0.00959019
-308.84089736	0.00228829
-308.80754095	-0.00199250
-308.77418454	-0.00315887
-308.74082813	-0.00125355
-308.70747172	0.00330812
-308.67411531	0.00985699
-308.64075890	0.01776230
-308.60740249	0.02514427
-308.57404608	0.03131874
-308.54068967	0.03584732
-308.50733326	0.03893155
-308.47397685	0.04073171
-308.44062044	0.04110513
-308.40726403	0.04029518
-308.37390763	0.03826703
-308.34055122	0.03499925
-308.30719481	0.03126036
-308.27383840	0.02668752
-308.24048199	0.02183098
-308.20712558	0.01705634
-308.17376917	0.01291136
-308.14041276	0.00984466
-308.10705635	0.00848284
-308.07369994	0.00906195
-308.04034353	0.01109888
-308.00698712	0.01437872
-307.97363071	0.01845366
-307.94027430	0.02292576
-307.90691789	0.02703843
-307.87356148	0.03066871
-307.84020507	0.03347233
-307.80684866	0.03473816
-307.77349225	0.03483211
-307.74013584	0.03381589
-307.70677943	0.03238998
-307.67342303	0.03053472
-307.64006662	0.02902227
-307.60671021	0.02786605
-307.57335380	0.02725947
-307.53999739	0.02731034
-307.50664098	0.02776424
-307.47328457	0.02837924
-307.43992816	0.02962565
-307.40657175	0.03121247
-307.37321534	0.03311013
-307.33985893	0.03549065
-307.30650252	0.03775452
-307.27314611	0.03897088
-307.23978970	0.03889088
-307.20643329	0.03715729
-307.17307688	0.03376336
-307.13972047	0.02882625
-307.10636406	0.02277929
-307.07300765	0.01565908
-307.03965124	0.00808145
-307.00629483	0.00053272
-306.97293843	-0.00587421
-306.93958202	-0.01140763
-306.90622561	-0.01555387
-306.87286920	-0.01819996
-306.83951279	-0.01857242
-306.80615638	-0.01642334
-306.77279997	-0.01132993
-306.73944356	-0.00384013
-306.70608715	0.00498931
-306.67273074	0.01502624
-306.63937433	0.02518125
-306.60601792	0.03489443
-306.57266151	0.04274497
-306.53930510	0.04921854
-306.50594869	0.05352903
-306.47259228	0.05564261
-306.43923587	0.05578401
-306.40587946	0.05407644
-306.37252305	0.05064144
-306.33916664	0.04509148
-306.30581023	0.03788561
-306.27245383	0.02901519
-306.23909742	0.01925654
-306.20574101	0.01000066
-306.17238460	0.00198559
-306.13902819	-0.00453126
-306.10567178	-0.00940885
-306.07231537	-0.01215702
-306.03895896	-0.01290046
-306.00560255	-0.01137757
-305.97224614	-0.00739497
-305.93888973	-0.00189680
-305.90553332	0.00434878
-305.87217691	0.01075133
-305.83882050	0.01681873
-305.80546409	0.02204598
-305.77210768	0.02587656
-305.73875127	0.02858091
-305.70539486	0.03004423
-305.67203845	0.03047074
-305.63868204	0.02998298
-305.60532563	0.02879463
-305.57196923	0.02727874
-305.53861282	0.02535898
-305.50525641	0.02332955
-305.47190000	0.02159790
-305.43854359	0.02020339
-305.40518718	0.01917368
-305.37183077	0.01868652
-305.33847436	0.01822400
-305.30511795	0.01794919
-305.27176154	0.01780255
-305.23840513	0.01788122
-305.20504872	0.01812569
-305.17169231	0.01891659
-305.13833590	0.02013379
-305.10497949	0.02151977
-305.07162308	0.02307420
-305.03826667	0.02460315
-305.00491026	0.02567297
-304.97155385	0.02640458
-304.93819744	0.02693357
-304.90484104	0.02737415
-304.87148463	0.02775904
-304.83812822	0.02835901
-304.80477181	0.02927818
-304.77141540	0.03000433
-304.73805899	0.03052208
-304.70470258	0.03053887
-304.67134617	0.02975544
-304.63798976	0.02837376
-304.60463335	0.02676473
-304.57127694	0.02560569
-304.53792053	0.02523921
-304.50456412	0.02580803
-304.47120771	0.02701350
-304.43785130	0.02833608
-304.40449489	0.02931896
-304.37113848	0.02954362
-304.33778207	0.02910182
-304.30442566	0.02826951
-304.27106925	0.02724630
-304.23771284	0.02597434
-304.20435644	0.02449624
-304.17100003	0.02303889
-304.13764362	0.02157580
-304.10428721	0.02026668
-304.07093080	0.01936897
-304.03757439	0.01911952
-304.00421798	0.01923893
-303.97086157	0.01965594
-303.93750516	0.02003430
-303.90414875	0.02022082
-303.87079234	0.02019368
-303.83743593	0.02030558
-303.80407952	0.02064612
-303.77072311	0.02113244
-303.73736670	0.02171076
-303.70401029	0.02178340
-303.67065388	0.02118390
-303.63729747	0.01947359
-303.60394106	0.01683586
-303.57058465	0.01340381
-303.53722824	0.01047032
-303.50387184	0.00841466
-303.47051543	0.00729402
-303.43715902	0.00731158
-303.40380261	0.00833790
-303.37044620	0.01002743
-303.33708979	0.01222253
-303.30373338	0.01477858
-303.27037697	0.01753466
-303.23702056	0.02058986
-303.20366415	0.02396162
-303.17030774	0.02774435
-303.13695133	0.03148760
-303.10359492	0.03449342
-303.07023851	0.03635485
-303.03688210	0.03681626
-303.00352569	0.03596958
-302.97016928	0.03415457
-302.93681287	0.03141016
-302.90345646	0.02816067
-302.87010005	0.02457051
-302.83674364	0.02098950
-302.80338724	0.01759207
-302.77003083	0.01450701
-302.73667442	0.01236355
-302.70331801	0.01093901
-302.66996160	0.01021825
-302.63660519	0.01027062
-302.60324878	0.01098937
-302.56989237	0.01196610
-302.53653596	0.01321702
-302.50317955	0.01431172
-302.46982314	0.01486770
-302.43646673	0.01530525
-302.40311032	0.01544198
-302.36975391	0.01582153
-302.33639750	0.01649200
-302.30304109	0.01757483
-302.26968468	0.01929777
-302.23632827	0.02145121
-302.20297186	0.02379234
-302.16961545	0.02594339
-302.13625904	0.02792817
-302.10290264	0.02931113
-302.06954623	0.02990418
-302.03618982	0.02953352
-302.00283341	0.02819896
-301.96947700	0.02628766
-301.93612059	0.02395333
-301.90276418	0.02162027
-301.86940777	0.01920954
-301.83605136	0.01672334
-301.80269495	0.01402698
-301.76933854	0.01128363
-301.73598213	0.00826969
-301.70262572	0.00540373
-301.66926931	0.00301114
-301.63591290	0.00130689
-301.60255649	0.00022558
-301.56920008	-0.00007211
-301.53584367	0.00024777
-301.50248726	0.00105017
-301.46913085	0.00222095
-301.43577444	0.00360076
-301.40241804	0.00490700
-301.36906163	0.00601640
-301.33570522	0.00696521
-301.30234881	0.00765859
-301.26899240	0.00805448
-301.23563599	0.00814580
-301.20227958	0.00803234
-301.16892317	0.00766879
-301.13556676	0.00714298
-301.10221035	0.00654189
-301.06885394	0.00590838
-301.03549753	0.00526702
-301.00214112	0.00472763
-300.96878471	0.00426484
-300.93542830	0.00390119
-300.90207189	0.00361042
-300.86871548	0.00341016
-300.83535907	0.00321967
-300.80200266	0.00308269
-300.76864625	0.00293307
-300.73528985	0.00278434
-300.70193344	0.00260192
-300.66857703	0.00239913
-300.63522062	0.00216336
-300.60186421	0.00192516
-300.56850780	0.00168845
-300.53515139	0.00147654
-300.50179498	0.00129683
-300.46843857	0.00116515
-300.43508216	0.00106751
-300.40172575	0.00098563
-300.36836934	0.00090716
-300.33501293	0.00081416
-300.30165652	0.00071203
-300.26830011	0.00059739
-300.23494370	0.00047733
-300.20158729	0.00036328
-300.16823088	0.00025915
-300.13487447	0.00017013
-300.10151806	0.00009975
-300.06816165	0.00005017
-300.03480525	0.00001907
-300.00144884	0.00000385
-299.96809243	0.00000000
