# Menlo Systems Time Domain Spectrometer
# Program Version 1.4.7 
#  Start: -375 ps, Average over 1200 waveforms. Date: 2022-10-25
# Time [ps] 	 THz Signal [a.u.]
-374.98665744	0.00000000
-374.95330103	0.00000001
-374.91994462	-0.00000002
-374.88658821	0.00000015
-374.85323180	-0.00000001
-374.81987539	0.00000003
-374.78651898	-0.00000005
-374.75316257	-0.00000095
-374.71980616	-0.00000098
-374.68644975	-0.00000021
-374.65309334	-0.00000087
-374.61973693	-0.00000036
-374.58638052	-0.00000176
-374.55302411	0.00000219
-374.51966770	0.00000117
-374.48631129	0.00000255
-374.45295488	0.00000536
-374.41959847	0.00000975
-374.38624206	0.00001032
-374.35288566	0.00002060
-374.31952925	0.00002200
-374.28617284	0.00002961
-374.25281643	0.00003709
-374.21946002	0.00003650
-374.18610361	0.00005645
-374.15274720	0.00006770
-374.11939079	0.00008164
-374.08603438	0.00007982
-374.05267797	0.00010893
-374.01932156	0.00012450
-373.98596515	0.00013182
-373.95260874	0.00016007
-373.91925233	0.00016778
-373.88589592	0.00018675
-373.85253951	0.00021196
-373.81918310	0.00024008
-373.78582669	0.00025101
-373.75247028	0.00028375
-373.71911387	0.00030913
-373.68575746	0.00033756
-373.65240106	0.00036223
-373.61904465	0.00039881
-373.58568824	0.00042754
-373.55233183	0.00043423
-373.51897542	0.00047161
-373.48561901	0.00048971
-373.45226260	0.00050820
-373.41890619	0.00054845
-373.38554978	0.00054767
-373.35219337	0.00057190
-373.31883696	0.00057454
-373.28548055	0.00058317
-373.25212414	0.00062652
-373.21876773	0.00063713
-373.18541132	0.00064826
-373.15205491	0.00064249
-373.11869850	0.00063757
-373.08534209	0.00069197
-373.05198568	0.00068958
-373.01862927	0.00072182
-372.98527287	0.00066695
-372.95191646	0.00072377
-372.91856005	0.00064047
-372.88520364	0.00073840
-372.85184723	0.00075674
-372.81849082	0.00079180
-372.78513441	0.00075563
-372.75177800	0.00080733
-372.71842159	0.00076775
-372.68506518	0.00078415
-372.65170877	0.00081102
-372.61835236	0.00085824
-372.58499595	0.00089324
-372.55163954	0.00092732
-372.51828313	0.00092923
-372.48492672	0.00100439
-372.45157031	0.00105947
-372.41821390	0.00102685
-372.38485749	0.00107245
-372.35150108	0.00112211
-372.31814467	0.00113976
-372.28478827	0.00113663
-372.25143186	0.00111729
-372.21807545	0.00110721
-372.18471904	0.00111514
-372.15136263	0.00119230
-372.11800622	0.00116876
-372.08464981	0.00122440
-372.05129340	0.00127328
-372.01793699	0.00130270
-371.98458058	0.00127670
-371.95122417	0.00133140
-371.91786776	0.00136878
-371.88451135	0.00132149
-371.85115494	0.00140097
-371.81779853	0.00148568
-371.78444212	0.00134851
-371.75108571	0.00136492
-371.71772930	0.00135833
-371.68437289	0.00133849
-371.65101648	0.00135344
-371.61766007	0.00122252
-371.58430367	0.00123017
-371.55094726	0.00120091
-371.51759085	0.00110324
-371.48423444	0.00106622
-371.45087803	0.00096698
-371.41752162	0.00100533
-371.38416521	0.00102117
-371.35080880	0.00093865
-371.31745239	0.00091294
-371.28409598	0.00084522
-371.25073957	0.00077749
-371.21738316	0.00088060
-371.18402675	0.00085043
-371.15067034	0.00082848
-371.11731393	0.00076029
-371.08395752	0.00079772
-371.05060111	0.00083716
-371.01724470	0.00081519
-370.98388829	0.00075478
-370.95053188	0.00078557
-370.91717547	0.00083068
-370.88381907	0.00076139
-370.85046266	0.00085531
-370.81710625	0.00076930
-370.78374984	0.00080299
-370.75039343	0.00079069
-370.71703702	0.00079556
-370.68368061	0.00089191
-370.65032420	0.00088348
-370.61696779	0.00097584
-370.58361138	0.00102823
-370.55025497	0.00098568
-370.51689856	0.00104955
-370.48354215	0.00107350
-370.45018574	0.00103659
-370.41682933	0.00119552
-370.38347292	0.00130040
-370.35011651	0.00132690
-370.31676010	0.00126550
-370.28340369	0.00141401
-370.25004728	0.00150084
-370.21669087	0.00150791
-370.18333447	0.00150937
-370.14997806	0.00157394
-370.11662165	0.00160057
-370.08326524	0.00165301
-370.04990883	0.00174783
-370.01655242	0.00182372
-369.98319601	0.00182631
-369.94983960	0.00184927
-369.91648319	0.00189450
-369.88312678	0.00191418
-369.84977037	0.00196893
-369.81641396	0.00199951
-369.78305755	0.00202610
-369.74970114	0.00203863
-369.71634473	0.00206951
-369.68298832	0.00212778
-369.64963191	0.00209492
-369.61627550	0.00205654
-369.58291909	0.00212642
-369.54956268	0.00211647
-369.51620627	0.00210627
-369.48284987	0.00215582
-369.44949346	0.00213258
-369.41613705	0.00214567
-369.38278064	0.00204338
-369.34942423	0.00194697
-369.31606782	0.00200927
-369.28271141	0.00206672
-369.24935500	0.00202269
-369.21599859	0.00190753
-369.18264218	0.00203450
-369.14928577	0.00192683
-369.11592936	0.00199922
-369.08257295	0.00203249
-369.04921654	0.00206917
-369.01586013	0.00199735
-368.98250372	0.00208831
-368.94914731	0.00198022
-368.91579090	0.00205795
-368.88243449	0.00203074
-368.84907808	0.00194564
-368.81572168	0.00206906
-368.78236527	0.00205351
-368.74900886	0.00209182
-368.71565245	0.00214334
-368.68229604	0.00207654
-368.64893963	0.00213655
-368.61558322	0.00217142
-368.58222681	0.00215542
-368.54887040	0.00214111
-368.51551399	0.00223702
-368.48215758	0.00222426
-368.44880117	0.00225454
-368.41544476	0.00224439
-368.38208835	0.00228016
-368.34873194	0.00227111
-368.31537553	0.00227069
-368.28201912	0.00221872
-368.24866271	0.00225057
-368.21530630	0.00234146
-368.18194989	0.00231993
-368.14859348	0.00232163
-368.11523708	0.00229302
-368.08188067	0.00237976
-368.04852426	0.00237056
-368.01516785	0.00227207
-367.98181144	0.00237776
-367.94845503	0.00237109
-367.91509862	0.00233655
-367.88174221	0.00236307
-367.84838580	0.00238981
-367.81502939	0.00233516
-367.78167298	0.00244106
-367.74831657	0.00243365
-367.71496016	0.00232020
-367.68160375	0.00233140
-367.64824734	0.00238962
-367.61489093	0.00235450
-367.58153452	0.00232237
-367.54817811	0.00241838
-367.51482170	0.00236745
-367.48146529	0.00240163
-367.44810888	0.00233844
-367.41475248	0.00237153
-367.38139607	0.00243785
-367.34803966	0.00243276
-367.31468325	0.00244768
-367.28132684	0.00228159
-367.24797043	0.00242761
-367.21461402	0.00234708
-367.18125761	0.00231115
-367.14790120	0.00231334
-367.11454479	0.00235735
-367.08118838	0.00232906
-367.04783197	0.00229808
-367.01447556	0.00223245
-366.98111915	0.00221300
-366.94776274	0.00236848
-366.91440633	0.00220568
-366.88104992	0.00214759
-366.84769351	0.00216144
-366.81433710	0.00212975
-366.78098069	0.00210961
-366.74762428	0.00210476
-366.71426788	0.00201775
-366.68091147	0.00199321
-366.64755506	0.00200689
-366.61419865	0.00198565
-366.58084224	0.00188202
-366.54748583	0.00196133
-366.51412942	0.00196011
-366.48077301	0.00192047
-366.44741660	0.00189187
-366.41406019	0.00187637
-366.38070378	0.00197592
-366.34734737	0.00190915
-366.31399096	0.00182904
-366.28063455	0.00192284
-366.24727814	0.00186659
-366.21392173	0.00194789
-366.18056532	0.00191379
-366.14720891	0.00193696
-366.11385250	0.00196070
-366.08049609	0.00202210
-366.04713968	0.00197542
-366.01378328	0.00199881
-365.98042687	0.00203667
-365.94707046	0.00197069
-365.91371405	0.00205479
-365.88035764	0.00195385
-365.84700123	0.00198297
-365.81364482	0.00203421
-365.78028841	0.00205813
-365.74693200	0.00194488
-365.71357559	0.00200565
-365.68021918	0.00205324
-365.64686277	0.00201385
-365.61350636	0.00200297
-365.58014995	0.00199361
-365.54679354	0.00194735
-365.51343713	0.00205727
-365.48008072	0.00202431
-365.44672431	0.00201473
-365.41336790	0.00198101
-365.38001149	0.00195543
-365.34665508	0.00202092
-365.31329868	0.00200807
-365.27994227	0.00201600
-365.24658586	0.00189088
-365.21322945	0.00191291
-365.17987304	0.00189748
-365.14651663	0.00192271
-365.11316022	0.00185895
-365.07980381	0.00184438
-365.04644740	0.00179402
-365.01309099	0.00187081
-364.97973458	0.00175437
-364.94637817	0.00175590
-364.91302176	0.00172684
-364.87966535	0.00178618
-364.84630894	0.00174857
-364.81295253	0.00181336
-364.77959612	0.00168213
-364.74623971	0.00179130
-364.71288330	0.00178853
-364.67952689	0.00175468
-364.64617049	0.00181985
-364.61281408	0.00175232
-364.57945767	0.00184659
-364.54610126	0.00185308
-364.51274485	0.00186344
-364.47938844	0.00182813
-364.44603203	0.00186042
-364.41267562	0.00191375
-364.37931921	0.00192725
-364.34596280	0.00197401
-364.31260639	0.00199512
-364.27924998	0.00201143
-364.24589357	0.00207783
-364.21253716	0.00213193
-364.17918075	0.00212883
-364.14582434	0.00220040
-364.11246793	0.00228667
-364.07911152	0.00220264
-364.04575511	0.00230700
-364.01239870	0.00235746
-363.97904229	0.00233141
-363.94568589	0.00229794
-363.91232948	0.00229678
-363.87897307	0.00228130
-363.84561666	0.00231940
-363.81226025	0.00222776
-363.77890384	0.00223501
-363.74554743	0.00224738
-363.71219102	0.00217194
-363.67883461	0.00218826
-363.64547820	0.00216682
-363.61212179	0.00224837
-363.57876538	0.00229425
-363.54540897	0.00223195
-363.51205256	0.00235509
-363.47869615	0.00228202
-363.44533974	0.00232784
-363.41198333	0.00235202
-363.37862692	0.00234285
-363.34527051	0.00246009
-363.31191410	0.00243009
-363.27855769	0.00244233
-363.24520129	0.00248378
-363.21184488	0.00244329
-363.17848847	0.00240705
-363.14513206	0.00224774
-363.11177565	0.00217366
-363.07841924	0.00185070
-363.04506283	0.00155198
-363.01170642	0.00103312
-362.97835001	0.00067921
-362.94499360	-0.00003191
-362.91163719	-0.00075311
-362.87828078	-0.00157325
-362.84492437	-0.00226012
-362.81156796	-0.00293209
-362.77821155	-0.00357089
-362.74485514	-0.00403079
-362.71149873	-0.00417082
-362.67814232	-0.00410853
-362.64478591	-0.00394609
-362.61142950	-0.00339756
-362.57807309	-0.00284356
-362.54471669	-0.00205577
-362.51136028	-0.00126827
-362.47800387	-0.00037988
-362.44464746	0.00050685
-362.41129105	0.00122647
-362.37793464	0.00203146
-362.34457823	0.00255305
-362.31122182	0.00296220
-362.27786541	0.00338299
-362.24450900	0.00375630
-362.21115259	0.00398185
-362.17779618	0.00416373
-362.14443977	0.00414961
-362.11108336	0.00423214
-362.07772695	0.00423264
-362.04437054	0.00411044
-362.01101413	0.00396782
-361.97765772	0.00389080
-361.94430131	0.00375284
-361.91094490	0.00356918
-361.87758849	0.00341756
-361.84423209	0.00323186
-361.81087568	0.00303784
-361.77751927	0.00298092
-361.74416286	0.00292389
-361.71080645	0.00279782
-361.67745004	0.00261006
-361.64409363	0.00256869
-361.61073722	0.00242613
-361.57738081	0.00247064
-361.54402440	0.00239889
-361.51066799	0.00218936
-361.47731158	0.00205253
-361.44395517	0.00187265
-361.41059876	0.00174898
-361.37724235	0.00164814
-361.34388594	0.00152548
-361.31052953	0.00154961
-361.27717312	0.00144728
-361.24381671	0.00144001
-361.21046030	0.00141658
-361.17710389	0.00146806
-361.14374749	0.00158303
-361.11039108	0.00170398
-361.07703467	0.00171202
-361.04367826	0.00192342
-361.01032185	0.00176330
-360.97696544	0.00175045
-360.94360903	0.00160803
-360.91025262	0.00148683
-360.87689621	0.00115132
-360.84353980	0.00078805
-360.81018339	0.00047856
-360.77682698	0.00005266
-360.74347057	-0.00018449
-360.71011416	-0.00061181
-360.67675775	-0.00072189
-360.64340134	-0.00095920
-360.61004493	-0.00093588
-360.57668852	-0.00074536
-360.54333211	-0.00065894
-360.50997570	-0.00028356
-360.47661930	-0.00002822
-360.44326289	0.00028612
-360.40990648	0.00063989
-360.37655007	0.00109991
-360.34319366	0.00143492
-360.30983725	0.00180197
-360.27648084	0.00212722
-360.24312443	0.00241022
-360.20976802	0.00259774
-360.17641161	0.00267893
-360.14305520	0.00269321
-360.10969879	0.00276360
-360.07634238	0.00274234
-360.04298597	0.00250396
-360.00962956	0.00235422
-359.97627315	0.00216895
-359.94291674	0.00207092
-359.90956033	0.00188395
-359.87620392	0.00166178
-359.84284751	0.00156102
-359.80949110	0.00148082
-359.77613470	0.00141497
-359.74277829	0.00133180
-359.70942188	0.00137339
-359.67606547	0.00138349
-359.64270906	0.00132977
-359.60935265	0.00146745
-359.57599624	0.00154277
-359.54263983	0.00162124
-359.50928342	0.00173503
-359.47592701	0.00193099
-359.44257060	0.00214867
-359.40921419	0.00233095
-359.37585778	0.00260846
-359.34250137	0.00280177
-359.30914496	0.00311486
-359.27578855	0.00332660
-359.24243214	0.00363288
-359.20907573	0.00393680
-359.17571932	0.00418462
-359.14236291	0.00436677
-359.10900650	0.00433224
-359.07565010	0.00425258
-359.04229369	0.00394072
-359.00893728	0.00320859
-358.97558087	0.00236572
-358.94222446	0.00127457
-358.90886805	-0.00017854
-358.87551164	-0.00185974
-358.84215523	-0.00374988
-358.80879882	-0.00536480
-358.77544241	-0.00705697
-358.74208600	-0.00831866
-358.70872959	-0.00921963
-358.67537318	-0.00954122
-358.64201677	-0.00917621
-358.60866036	-0.00832828
-358.57530395	-0.00749856
-358.54194754	-0.00666645
-358.50859113	-0.00653785
-358.47523472	-0.00759274
-358.44187831	-0.01051657
-358.40852190	-0.01534355
-358.37516550	-0.02271052
-358.34180909	-0.03207276
-358.30845268	-0.04336712
-358.27509627	-0.05542707
-358.24173986	-0.06776198
-358.20838345	-0.07867329
-358.17502704	-0.08679501
-358.14167063	-0.09088418
-358.10831422	-0.08971872
-358.07495781	-0.08295962
-358.04160140	-0.07076486
-358.00824499	-0.05439454
-357.97488858	-0.03428643
-357.94153217	-0.01260044
-357.90817576	0.00932661
-357.87481935	0.02897767
-357.84146294	0.04648008
-357.80810653	0.05983955
-357.77475012	0.06900954
-357.74139371	0.07381282
-357.70803730	0.07434780
-357.67468090	0.07085388
-357.64132449	0.06398439
-357.60796808	0.05465266
-357.57461167	0.04329707
-357.54125526	0.03134254
-357.50789885	0.01946812
-357.47454244	0.00824212
-357.44118603	-0.00224626
-357.40782962	-0.01162285
-357.37447321	-0.01995129
-357.34111680	-0.02719201
-357.30776039	-0.03316894
-357.27440398	-0.03756687
-357.24104757	-0.04024125
-357.20769116	-0.04114126
-357.17433475	-0.04035527
-357.14097834	-0.03824445
-357.10762193	-0.03509732
-357.07426552	-0.03127201
-357.04090911	-0.02726408
-357.00755271	-0.02323149
-356.97419630	-0.01929898
-356.94083989	-0.01561043
-356.90748348	-0.01203517
-356.87412707	-0.00824539
-356.84077066	-0.00428385
-356.80741425	-0.00009199
-356.77405784	0.00460906
-356.74070143	0.01010058
-356.70734502	0.01672038
-356.67398861	0.02470133
-356.64063220	0.03462271
-356.60727579	0.04644053
-356.57391938	0.06000800
-356.54056297	0.07475370
-356.50720656	0.09061280
-356.47385015	0.10625222
-356.44049374	0.12126510
-356.40713733	0.13522234
-356.37378092	0.14810792
-356.34042451	0.15919668
-356.30706811	0.16877251
-356.27371170	0.17696626
-356.24035529	0.18397042
-356.20699888	0.19020056
-356.17364247	0.19627945
-356.14028606	0.20295488
-356.10692965	0.21131425
-356.07357324	0.22189812
-356.04021683	0.23573693
-356.00686042	0.25260628
-355.97350401	0.27333262
-355.94014760	0.29669034
-355.90679119	0.32321291
-355.87343478	0.35181258
-355.84007837	0.38264250
-355.80672196	0.41464891
-355.77336555	0.44818054
-355.74000914	0.48245821
-355.70665273	0.51835012
-355.67329632	0.55393051
-355.63993991	0.58931821
-355.60658351	0.62153729
-355.57322710	0.64849512
-355.53987069	0.66430781
-355.50651428	0.66302065
-355.47315787	0.63563513
-355.43980146	0.56990117
-355.40644505	0.45451340
-355.37308864	0.27050808
-355.33973223	0.00819187
-355.30637582	-0.35004511
-355.27301941	-0.80090621
-355.23966300	-1.35130789
-355.20630659	-1.96397756
-355.17295018	-2.63117493
-355.13959377	-3.28511615
-355.10623736	-3.89737747
-355.07288095	-4.39281865
-355.03952454	-4.72975434
-355.00616813	-4.85439702
-354.97281172	-4.73988508
-354.93945531	-4.38390768
-354.90609891	-3.78910755
-354.87274250	-3.01180382
-354.83938609	-2.07366058
-354.80602968	-1.06052336
-354.77267327	-0.00968946
-354.73931686	0.99923437
-354.70596045	1.94696094
-354.67260404	2.75813314
-354.63924763	3.42997173
-354.60589122	3.91829713
-354.57253481	4.23094261
-354.53917840	4.35974828
-354.50582199	4.32634179
-354.47246558	4.15920110
-354.43910917	3.88391424
-354.40575276	3.54144125
-354.37239635	3.14383674
-354.33903994	2.72295956
-354.30568353	2.27682165
-354.27232712	1.83299729
-354.23897071	1.39666239
-354.20561431	0.99216011
-354.17225790	0.62295323
-354.13890149	0.31523703
-354.10554508	0.06528139
-354.07218867	-0.11950739
-354.03883226	-0.25271612
-354.00547585	-0.34062119
-353.97211944	-0.39909002
-353.93876303	-0.44011605
-353.90540662	-0.47564665
-353.87205021	-0.51058163
-353.83869380	-0.55006285
-353.80533739	-0.59464279
-353.77198098	-0.64705888
-353.73862457	-0.70528500
-353.70526816	-0.76813868
-353.67191175	-0.82890755
-353.63855534	-0.87975262
-353.60519893	-0.90604562
-353.57184252	-0.89483315
-353.53848611	-0.83476756
-353.50512971	-0.71698830
-353.47177330	-0.54560711
-353.43841689	-0.32657761
-353.40506048	-0.08077953
-353.37170407	0.17988237
-353.33834766	0.42346300
-353.30499125	0.63839047
-353.27163484	0.80263519
-353.23827843	0.90967498
-353.20492202	0.94545224
-353.17156561	0.90615013
-353.13820920	0.79171183
-353.10485279	0.60371723
-353.07149638	0.36508031
-353.03813997	0.09140311
-353.00478356	-0.18001154
-352.97142715	-0.42908913
-352.93807074	-0.62193792
-352.90471433	-0.74777497
-352.87135792	-0.80028216
-352.83800152	-0.78581800
-352.80464511	-0.71887279
-352.77128870	-0.61482771
-352.73793229	-0.49443194
-352.70457588	-0.36709338
-352.67121947	-0.24577373
-352.63786306	-0.13229429
-352.60450665	-0.03183159
-352.57115024	0.05559174
-352.53779383	0.12296649
-352.50443742	0.16952309
-352.47108101	0.19187135
-352.43772460	0.19180681
-352.40436819	0.17387923
-352.37101178	0.14398528
-352.33765537	0.10857486
-352.30429896	0.07025215
-352.27094255	0.03167663
-352.23758614	-0.00824942
-352.20422973	-0.04754974
-352.17087332	-0.08548019
-352.13751692	-0.11914211
-352.10416051	-0.14891995
-352.07080410	-0.17599072
-352.03744769	-0.20342322
-352.00409128	-0.23323540
-351.97073487	-0.26844545
-351.93737846	-0.30742561
-351.90402205	-0.34846794
-351.87066564	-0.38468607
-351.83730923	-0.41001317
-351.80395282	-0.41607627
-351.77059641	-0.39754294
-351.73724000	-0.35234381
-351.70388359	-0.27952922
-351.67052718	-0.18540587
-351.63717077	-0.07206945
-351.60381436	0.05109386
-351.57045795	0.18255566
-351.53710154	0.31296179
-351.50374513	0.43851997
-351.47038872	0.54608572
-351.43703232	0.62862962
-351.40367591	0.67064127
-351.37031950	0.66333108
-351.33696309	0.60237244
-351.30360668	0.48876723
-351.27025027	0.33486570
-351.23689386	0.15276590
-351.20353745	-0.03272548
-351.17018104	-0.21057590
-351.13682463	-0.35707256
-351.10346822	-0.46422732
-351.07011181	-0.52223643
-351.03675540	-0.52964106
-351.00339899	-0.48606574
-350.97004258	-0.39473594
-350.93668617	-0.26917032
-350.90332976	-0.11913817
-350.86997335	0.02883405
-350.83661694	0.15906505
-350.80326053	0.25417484
-350.76990412	0.30953448
-350.73654772	0.32123753
-350.70319131	0.29310892
-350.66983490	0.23330780
-350.63647849	0.14866479
-350.60312208	0.05472041
-350.56976567	-0.03950589
-350.53640926	-0.12313520
-350.50305285	-0.19406130
-350.46969644	-0.24745125
-350.43634003	-0.28442812
-350.40298362	-0.30441370
-350.36962721	-0.30826432
-350.33627080	-0.29591247
-350.30291439	-0.26817732
-350.26955798	-0.22769386
-350.23620157	-0.17466838
-350.20284516	-0.11317828
-350.16948875	-0.04420536
-350.13613234	0.02721529
-350.10277593	0.09966762
-350.06941952	0.16290841
-350.03606312	0.21160243
-350.00270671	0.23953822
-349.96935030	0.24461276
-349.93599389	0.22874003
-349.90263748	0.19893677
-349.86928107	0.16731471
-349.83592466	0.14533769
-349.80256825	0.14304429
-349.76921184	0.16086838
-349.73585543	0.19105148
-349.70249902	0.22299658
-349.66914261	0.24345309
-349.63578620	0.24524865
-349.60242979	0.22722163
-349.56907338	0.19223135
-349.53571697	0.14967813
-349.50236056	0.10573060
-349.46900415	0.06543243
-349.43564774	0.02936109
-349.40229133	-0.00111775
-349.36893492	-0.02760416
-349.33557852	-0.05062960
-349.30222211	-0.07271766
-349.26886570	-0.09363823
-349.23550929	-0.11529214
-349.20215288	-0.13753561
-349.16879647	-0.16083461
-349.13544006	-0.18239673
-349.10208365	-0.20042850
-349.06872724	-0.21223202
-349.03537083	-0.21734457
-349.00201442	-0.21590654
-348.96865801	-0.20867477
-348.93530160	-0.19550488
-348.90194519	-0.17452916
-348.86858878	-0.14376891
-348.83523237	-0.10131584
-348.80187596	-0.04847150
-348.76851955	0.01393551
-348.73516314	0.07672910
-348.70180673	0.13503394
-348.66845033	0.18328342
-348.63509392	0.21966039
-348.60173751	0.24106299
-348.56838110	0.24755449
-348.53502469	0.23941696
-348.50166828	0.21566205
-348.46831187	0.17875299
-348.43495546	0.13020328
-348.40159905	0.07511886
-348.36824264	0.01770287
-348.33488623	-0.03146717
-348.30152982	-0.06513721
-348.26817341	-0.07724490
-348.23481700	-0.06753300
-348.20146059	-0.04382022
-348.16810418	-0.01601596
-348.13474777	0.00619062
-348.10139136	0.01957971
-348.06803495	0.02466773
-348.03467854	0.02770500
-348.00132213	0.03559056
-347.96796573	0.05349268
-347.93460932	0.07952277
-347.90125291	0.10927277
-347.86789650	0.13583731
-347.83454009	0.15449029
-347.80118368	0.16137181
-347.76782727	0.15567074
-347.73447086	0.13918231
-347.70111445	0.11342459
-347.66775804	0.08236760
-347.63440163	0.04706904
-347.60104522	0.00990001
-347.56768881	-0.02936766
-347.53433240	-0.06785874
-347.50097599	-0.10477746
-347.46761958	-0.13670365
-347.43426317	-0.16275968
-347.40090676	-0.17916279
-347.36755035	-0.18554207
-347.33419394	-0.18054784
-347.30083753	-0.16303390
-347.26748113	-0.13415531
-347.23412472	-0.09565211
-347.20076831	-0.05380280
-347.16741190	-0.01316077
-347.13405549	0.01797399
-347.10069908	0.03738095
-347.06734267	0.04412435
-347.03398626	0.03986394
-347.00062985	0.02685284
-346.96727344	0.00861777
-346.93391703	-0.01060050
-346.90056062	-0.02771238
-346.86720421	-0.03841535
-346.83384780	-0.04123027
-346.80049139	-0.03479285
-346.76713498	-0.01818136
-346.73377857	0.00678853
-346.70042216	0.03779814
-346.66706575	0.06862518
-346.63370934	0.09389796
-346.60035293	0.10679649
-346.56699653	0.10561887
-346.53364012	0.09005351
-346.50028371	0.06149867
-346.46692730	0.02483791
-346.43357089	-0.01631596
-346.40021448	-0.05514280
-346.36685807	-0.08799775
-346.33350166	-0.11048043
-346.30014525	-0.12306558
-346.26678884	-0.12514690
-346.23343243	-0.11706672
-346.20007602	-0.09869775
-346.16671961	-0.07051600
-346.13336320	-0.03488301
-346.10000679	0.00638822
-346.06665038	0.04776996
-346.03329397	0.08880051
-345.99993756	0.12808668
-345.96658115	0.16787908
-345.93322474	0.20836401
-345.89986833	0.25183658
-345.86651193	0.29470089
-345.83315552	0.33242214
-345.79979911	0.35445998
-345.76644270	0.35418744
-345.73308629	0.32681849
-345.69972988	0.27080578
-345.66637347	0.19084372
-345.63301706	0.09041899
-345.59966065	-0.01842675
-345.56630424	-0.12777155
-345.53294783	-0.22293219
-345.49959142	-0.30038181
-345.46623501	-0.35388466
-345.43287860	-0.38242310
-345.39952219	-0.38566726
-345.36616578	-0.36579458
-345.33280937	-0.32733804
-345.29945296	-0.27640596
-345.26609655	-0.22338950
-345.23274014	-0.17330953
-345.19938373	-0.13181419
-345.16602733	-0.09883434
-345.13267092	-0.07292535
-345.09931451	-0.04849498
-345.06595810	-0.02118791
-345.03260169	0.01254951
-344.99924528	0.05021668
-344.96588887	0.08918685
-344.93253246	0.12332416
-344.89917605	0.14809796
-344.86581964	0.15939076
-344.83246323	0.15580912
-344.79910682	0.13903761
-344.76575041	0.11316885
-344.73239400	0.08622449
-344.69903759	0.06314388
-344.66568118	0.04769133
-344.63232477	0.03981149
-344.59896836	0.03750816
-344.56561195	0.03713981
-344.53225554	0.03562096
-344.49889914	0.03120346
-344.46554273	0.02543004
-344.43218632	0.02065399
-344.39882991	0.02036739
-344.36547350	0.02617245
-344.33211709	0.03761936
-344.29876068	0.05295715
-344.26540427	0.06820503
-344.23204786	0.08074098
-344.19869145	0.08793342
-344.16533504	0.08999938
-344.13197863	0.08782466
-344.09862222	0.08337749
-344.06526581	0.07871609
-344.03190940	0.07510140
-343.99855299	0.07338692
-343.96519658	0.07216643
-343.93184017	0.06925218
-343.89848376	0.06157984
-343.86512735	0.04736513
-343.83177094	0.02659336
-343.79841454	0.00195743
-343.76505813	-0.02312552
-343.73170172	-0.04314420
-343.69834531	-0.05651013
-343.66498890	-0.06368545
-343.63163249	-0.06958865
-343.59827608	-0.07898296
-343.56491967	-0.09645212
-343.53156326	-0.12284445
-343.49820685	-0.15673298
-343.46485044	-0.19077797
-343.43149403	-0.21868830
-343.39813762	-0.23350071
-343.36478121	-0.23356043
-343.33142480	-0.21906586
-343.29806839	-0.19130691
-343.26471198	-0.15318904
-343.23135557	-0.10465989
-343.19799916	-0.04832701
-343.16464275	0.01699315
-343.13128634	0.08620389
-343.09792994	0.15932798
-343.06457353	0.23041931
-343.03121712	0.29594055
-342.99786071	0.34889708
-342.96450430	0.38520464
-342.93114789	0.39975037
-342.89779148	0.38984155
-342.86443507	0.35602489
-342.83107866	0.29840612
-342.79772225	0.21995849
-342.76436584	0.12177333
-342.73100943	0.01231010
-342.69765302	-0.10262901
-342.66429661	-0.20879074
-342.63094020	-0.29882142
-342.59758379	-0.35978787
-342.56422738	-0.38995238
-342.53087097	-0.38819888
-342.49751456	-0.35630720
-342.46415815	-0.29893663
-342.43080174	-0.22037297
-342.39744534	-0.12897043
-342.36408893	-0.02752963
-342.33073252	0.07187278
-342.29737611	0.16508337
-342.26401970	0.24337404
-342.23066329	0.30223299
-342.19730688	0.33395087
-342.16395047	0.33668959
-342.13059406	0.31120447
-342.09723765	0.26082729
-342.06388124	0.19431515
-342.03052483	0.11802382
-341.99716842	0.03989333
-341.96381201	-0.03695750
-341.93045560	-0.10442537
-341.89709919	-0.15985003
-341.86374278	-0.19900804
-341.83038637	-0.22093099
-341.79702996	-0.22432583
-341.76367355	-0.21163490
-341.73031714	-0.18634027
-341.69696074	-0.15153097
-341.66360433	-0.11335359
-341.63024792	-0.07569213
-341.59689151	-0.04370683
-341.56353510	-0.01915097
-341.53017869	-0.00591343
-341.49682228	-0.00270231
-341.46346587	-0.00654638
-341.43010946	-0.01218057
-341.39675305	-0.01312964
-341.36339664	-0.00411722
-341.33004023	0.01737262
-341.29668382	0.05206051
-341.26332741	0.09338490
-341.22997100	0.13490995
-341.19661459	0.16927317
-341.16325818	0.19101211
-341.12990177	0.19468175
-341.09654536	0.17963857
-341.06318895	0.14815868
-341.02983255	0.10168121
-340.99647614	0.04700228
-340.96311973	-0.01278825
-340.92976332	-0.07345335
-340.89640691	-0.13260637
-340.86305050	-0.18218462
-340.82969409	-0.21767663
-340.79633768	-0.23426891
-340.76298127	-0.22843433
-340.72962486	-0.19846118
-340.69626845	-0.14586084
-340.66291204	-0.07470990
-340.62955563	0.01295822
-340.59619922	0.10545732
-340.56284281	0.19498734
-340.52948640	0.27190936
-340.49612999	0.33097634
-340.46277358	0.36021058
-340.42941717	0.35688664
-340.39606076	0.32170097
-340.36270435	0.25641366
-340.32934795	0.17303790
-340.29599154	0.08365019
-340.26263513	0.00050939
-340.22927872	-0.07080871
-340.19592231	-0.12029387
-340.16256590	-0.14852540
-340.12920949	-0.15923293
-340.09585308	-0.15801357
-340.06249667	-0.15207497
-340.02914026	-0.14959844
-339.99578385	-0.15602881
-339.96242744	-0.17459078
-339.92907103	-0.20214325
-339.89571462	-0.23342432
-339.86235821	-0.26084039
-339.82900180	-0.27882931
-339.79564539	-0.27996941
-339.76228898	-0.26219209
-339.72893257	-0.22584901
-339.69557616	-0.17012527
-339.66221975	-0.10255526
-339.62886335	-0.02765410
-339.59550694	0.05044555
-339.56215053	0.13169309
-339.52879412	0.20797372
-339.49543771	0.27566033
-339.46208130	0.33014647
-339.42872489	0.36774731
-339.39536848	0.37968943
-339.36201207	0.36372834
-339.32865566	0.31991737
-339.29529925	0.24774682
-339.26194284	0.15697754
-339.22858643	0.05706265
-339.19523002	-0.04246762
-339.16187361	-0.13871696
-339.12851720	-0.21745830
-339.09516079	-0.27578959
-339.06180438	-0.31073873
-339.02844797	-0.31983768
-338.99509156	-0.29929492
-338.96173515	-0.24947003
-338.92837875	-0.17258699
-338.89502234	-0.06732940
-338.86166593	0.05065072
-338.82830952	0.17028401
-338.79495311	0.27920106
-338.76159670	0.36870730
-338.72824029	0.42201365
-338.69488388	0.43570892
-338.66152747	0.41222815
-338.62817106	0.35349768
-338.59481465	0.27257698
-338.56145824	0.18027161
-338.52810183	0.08537750
-338.49474542	-0.00921447
-338.46138901	-0.09258139
-338.42803260	-0.16304990
-338.39467619	-0.22037734
-338.36131978	-0.26856982
-338.32796337	-0.30457372
-338.29460696	-0.33100635
-338.26125055	-0.34884093
-338.22789415	-0.35701559
-338.19453774	-0.35245143
-338.16118133	-0.33221826
-338.12782492	-0.29504830
-338.09446851	-0.23728684
-338.06111210	-0.16487426
-338.02775569	-0.08311321
-337.99439928	0.00231406
-337.96104287	0.08897550
-337.92768646	0.16521697
-337.89433005	0.22772627
-337.86097364	0.27396315
-337.82761723	0.30386473
-337.79426082	0.31271508
-337.76090441	0.30122638
-337.72754800	0.27095729
-337.69419159	0.22274879
-337.66083518	0.16559981
-337.62747877	0.10738484
-337.59412236	0.05529150
-337.56076595	0.01156238
-337.52740955	-0.01812229
-337.49405314	-0.03655920
-337.46069673	-0.04816340
-337.42734032	-0.05821836
-337.39398391	-0.07015727
-337.36062750	-0.08550843
-337.32727109	-0.10389970
-337.29391468	-0.12398722
-337.26055827	-0.14028241
-337.22720186	-0.14927465
-337.19384545	-0.14794497
-337.16048904	-0.13424814
-337.12713263	-0.10890650
-337.09377622	-0.07434911
-337.06041981	-0.03321597
-337.02706340	0.01522781
-336.99370699	0.06499486
-336.96035058	0.11374578
-336.92699417	0.15875291
-336.89363776	0.19764477
-336.86028136	0.22345615
-336.82692495	0.23381866
-336.79356854	0.22737965
-336.76021213	0.20262252
-336.72685572	0.16294506
-336.69349931	0.11278600
-336.66014290	0.05704242
-336.62678649	-0.00148685
-336.59343008	-0.05448303
-336.56007367	-0.09976571
-336.52671726	-0.13610777
-336.49336085	-0.16415077
-336.46000444	-0.18094316
-336.42664803	-0.18696802
-336.39329162	-0.18277614
-336.35993521	-0.16856978
-336.32657880	-0.14688205
-336.29322239	-0.12042333
-336.25986598	-0.09134114
-336.22650957	-0.06021682
-336.19315316	-0.03159626
-336.15979676	-0.00637190
-336.12644035	0.01577097
-336.09308394	0.03558709
-336.05972753	0.05273337
-336.02637112	0.06767754
-335.99301471	0.08067976
-335.95965830	0.09165070
-335.92630189	0.09886589
-335.89294548	0.10139329
-335.85958907	0.09820456
-335.82623266	0.08805638
-335.79287625	0.07081601
-335.75951984	0.04683480
-335.72616343	0.01754495
-335.69280702	-0.01706222
-335.65945061	-0.05136665
-335.62609420	-0.08267240
-335.59273779	-0.10812541
-335.55938138	-0.12558184
-335.52602497	-0.13184543
-335.49266856	-0.12668604
-335.45931216	-0.11065796
-335.42595575	-0.08262282
-335.39259934	-0.04568424
-335.35924293	-0.00058707
-335.32588652	0.05075426
-335.29253011	0.10731417
-335.25917370	0.16097279
-335.22581729	0.20653767
-335.19246088	0.23935432
-335.15910447	0.25637435
-335.12574806	0.25389443
-335.09239165	0.23372263
-335.05903524	0.19852399
-335.02567883	0.15069684
-334.99232242	0.09756166
-334.95896601	0.04281713
-334.92560960	-0.01047957
-334.89225319	-0.06246505
-334.85889678	-0.10598741
-334.82554037	-0.13918313
-334.79218396	-0.15978577
-334.75882756	-0.16686316
-334.72547115	-0.16169106
-334.69211474	-0.14867829
-334.65875833	-0.13303145
-334.62540192	-0.11876410
-334.59204551	-0.10912876
-334.55868910	-0.10311088
-334.52533269	-0.09765843
-334.49197628	-0.08786319
-334.45861987	-0.07083802
-334.42526346	-0.04669498
-334.39190705	-0.01765843
-334.35855064	0.01332762
-334.32519423	0.03854540
-334.29183782	0.05480175
-334.25848141	0.06068155
-334.22512500	0.05684062
-334.19176859	0.04644774
-334.15841218	0.03305562
-334.12505577	0.01954698
-334.09169936	0.00742923
-334.05834296	-0.00113490
-334.02498655	-0.00533426
-333.99163014	-0.00421102
-333.95827373	0.00366371
-333.92491732	0.01891049
-333.89156091	0.04149902
-333.85820450	0.07038289
-333.82484809	0.10563611
-333.79149168	0.14189398
-333.75813527	0.17688049
-333.72477886	0.20716065
-333.69142245	0.23080865
-333.65806604	0.24431879
-333.62470963	0.24748617
-333.59135322	0.24009990
-333.55799681	0.22140151
-333.52464040	0.19309217
-333.49128399	0.15651723
-333.45792758	0.11478052
-333.42457117	0.07129780
-333.39121476	0.03351601
-333.35785836	0.00522574
-333.32450195	-0.01097675
-333.29114554	-0.01412645
-333.25778913	-0.00489068
-333.22443272	0.01424012
-333.19107631	0.03997941
-333.15771990	0.06972988
-333.12436349	0.09881152
-333.09100708	0.12404032
-333.05765067	0.14205213
-333.02429426	0.14928141
-332.99093785	0.14032311
-332.95758144	0.11177440
-332.92422503	0.06020851
-332.89086862	-0.01860340
-332.85751221	-0.12045165
-332.82415580	-0.24492337
-332.79079939	-0.38694138
-332.75744298	-0.54757473
-332.72408657	-0.70758812
-332.69073017	-0.86075920
-332.65737376	-0.99212553
-332.62401735	-1.09047992
-332.59066094	-1.14016346
-332.55730453	-1.13778062
-332.52394812	-1.08337375
-332.49059171	-0.97648151
-332.45723530	-0.83182801
-332.42387889	-0.65729015
-332.39052248	-0.46737857
-332.35716607	-0.26967034
-332.32380966	-0.08301725
-332.29045325	0.09181504
-332.25709684	0.24938599
-332.22374043	0.39315401
-332.19038402	0.51221924
-332.15702761	0.60994454
-332.12367120	0.68359642
-332.09031479	0.73489449
-332.05695838	0.76422638
-332.02360197	0.77778554
-331.99024557	0.77964362
-331.95688916	0.77271201
-331.92353275	0.75866914
-331.89017634	0.73675797
-331.85681993	0.70615647
-331.82346352	0.66488687
-331.79010711	0.61508225
-331.75675070	0.55667538
-331.72339429	0.49309303
-331.69003788	0.42418290
-331.65668147	0.35634140
-331.62332506	0.28809655
-331.58996865	0.22162998
-331.55661224	0.15596195
-331.52325583	0.09378182
-331.48989942	0.03329024
-331.45654301	-0.02351898
-331.42318660	-0.07699640
-331.38983019	-0.12260675
-331.35647378	-0.16089284
-331.32311737	-0.19022006
-331.28976097	-0.21100604
-331.25640456	-0.22377473
-331.22304815	-0.23016113
-331.18969174	-0.23042727
-331.15633533	-0.22383255
-331.12297892	-0.20909378
-331.08962251	-0.18449804
-331.05626610	-0.14974347
-331.02290969	-0.10572312
-330.98955328	-0.05726855
-330.95619687	-0.00688196
-330.92284046	0.04041915
-330.88948405	0.08237286
-330.85612764	0.11450558
-330.82277123	0.13680323
-330.78941482	0.14694242
-330.75605841	0.14353330
-330.72270200	0.12590851
-330.68934559	0.09350787
-330.65598918	0.04854718
-330.62263277	-0.00689523
-330.58927637	-0.06438002
-330.55591996	-0.11944856
-330.52256355	-0.16444103
-330.48920714	-0.19467772
-330.45585073	-0.20764144
-330.42249432	-0.20537530
-330.38913791	-0.19101349
-330.35578150	-0.16819311
-330.32242509	-0.14173673
-330.28906868	-0.11203959
-330.25571227	-0.07961373
-330.22235586	-0.04313679
-330.18899945	-0.00279225
-330.15564304	0.04235184
-330.12228663	0.08860324
-330.08893022	0.13289685
-330.05557381	0.16775497
-330.02221740	0.18981948
-329.98886099	0.19454840
-329.95550458	0.18066344
-329.92214817	0.14947935
-329.88879177	0.10264107
-329.85543536	0.04478946
-329.82207895	-0.02061330
-329.78872254	-0.08402091
-329.75536613	-0.14071189
-329.72200972	-0.18304802
-329.68865331	-0.20611553
-329.65529690	-0.20797359
-329.62194049	-0.19044103
-329.58858408	-0.15788803
-329.55522767	-0.11593104
-329.52187126	-0.07392985
-329.48851485	-0.03694353
-329.45515844	-0.01191794
-329.42180203	-0.00210470
-329.38844562	-0.00844539
-329.35508921	-0.02945956
-329.32173280	-0.06128337
-329.28837639	-0.09977770
-329.25501998	-0.13707493
-329.22166358	-0.16842333
-329.18830717	-0.18720949
-329.15495076	-0.18956105
-329.12159435	-0.17418850
-329.08823794	-0.14205641
-329.05488153	-0.09733418
-329.02152512	-0.04539255
-328.98816871	0.00427154
-328.95481230	0.04690699
-328.92145589	0.07640202
-328.88809948	0.09033967
-328.85474307	0.08925900
-328.82138666	0.07676770
-328.78803025	0.05784569
-328.75467384	0.03764545
-328.72131743	0.02167192
-328.68796102	0.01203431
-328.65460461	0.01024341
-328.62124820	0.01627533
-328.58789179	0.02859358
-328.55453538	0.04662393
-328.52117898	0.06847010
-328.48782257	0.09349716
-328.45446616	0.11816274
-328.42110975	0.14096682
-328.38775334	0.15886487
-328.35439693	0.16977172
-328.32104052	0.17208794
-328.28768411	0.16601491
-328.25432770	0.15179655
-328.22097129	0.12918521
-328.18761488	0.10016191
-328.15425847	0.06422977
-328.12090206	0.02354567
-328.08754565	-0.02038118
-328.05418924	-0.06352619
-328.02083283	-0.10425751
-327.98747642	-0.13912306
-327.95412001	-0.16610169
-327.92076360	-0.18155836
-327.88740719	-0.18482683
-327.85405078	-0.17544499
-327.82069438	-0.15381271
-327.78733797	-0.12220008
-327.75398156	-0.08193842
-327.72062515	-0.03599707
-327.68726874	0.01396098
-327.65391233	0.06082204
-327.62055592	0.10159426
-327.58719951	0.13121129
-327.55384310	0.14692038
-327.52048669	0.14679358
-327.48713028	0.13267653
-327.45377387	0.10913907
-327.42041746	0.08093813
-327.38706105	0.05622535
-327.35370464	0.03851933
-327.32034823	0.02841622
-327.28699182	0.02421237
-327.25363541	0.02159264
-327.22027900	0.01603062
-327.18692259	0.00507683
-327.15356618	-0.01185240
-327.12020978	-0.03169884
-327.08685337	-0.05127465
-327.05349696	-0.06737925
-327.02014055	-0.07780003
-326.98678414	-0.08074912
-326.95342773	-0.07549316
-326.92007132	-0.06187581
-326.88671491	-0.03914693
-326.85335850	-0.00985938
-326.82000209	0.02410200
-326.78664568	0.05938956
-326.75328927	0.09335832
-326.71993286	0.12035368
-326.68657645	0.13797399
-326.65322004	0.14381862
-326.61986363	0.13640494
-326.58650722	0.11642592
-326.55315081	0.08643577
-326.51979440	0.04982321
-326.48643799	0.00957165
-326.45308158	-0.02808724
-326.41972518	-0.06036401
-326.38636877	-0.08500889
-326.35301236	-0.10125536
-326.31965595	-0.10791432
-326.28629954	-0.10703043
-326.25294313	-0.10037455
-326.21958672	-0.08857736
-326.18623031	-0.07333238
-326.15287390	-0.05489693
-326.11951749	-0.03396692
-326.08616108	-0.01047823
-326.05280467	0.01262299
-326.01944826	0.03425551
-325.98609185	0.05390253
-325.95273544	0.07144694
-325.91937903	0.08608362
-325.88602262	0.09835813
-325.85266621	0.10791192
-325.81930980	0.11435667
-325.78595339	0.11514287
-325.75259698	0.10881224
-325.71924058	0.09469208
-325.68588417	0.07222437
-325.65252776	0.04482408
-325.61917135	0.01547787
-325.58581494	-0.01229024
-325.55245853	-0.03656609
-325.51910212	-0.05387775
-325.48574571	-0.06508571
-325.45238930	-0.07195616
-325.41903289	-0.07594158
-325.38567648	-0.07799140
-325.35232007	-0.07852350
-325.31896366	-0.07790827
-325.28560725	-0.07576109
-325.25225084	-0.07270454
-325.21889443	-0.06800719
-325.18553802	-0.06088400
-325.15218161	-0.05032382
-325.11882520	-0.03636326
-325.08546879	-0.01948791
-325.05211239	-0.00151829
-325.01875598	0.01583571
-324.98539957	0.02829799
-324.95204316	0.03466805
-324.91868675	0.03500086
-324.88533034	0.03077750
-324.85197393	0.02480141
-324.81861752	0.02004102
-324.78526111	0.01824572
-324.75190470	0.02087077
-324.71854829	0.02732444
-324.68519188	0.03663590
-324.65183547	0.04744613
-324.61847906	0.05906141
-324.58512265	0.06957749
-324.55176624	0.07761908
-324.51840983	0.08157595
-324.48505342	0.07969477
-324.45169701	0.07100544
-324.41834060	0.05646526
-324.38498419	0.03824111
-324.35162779	0.01809178
-324.31827138	-0.00000225
-324.28491497	-0.01407722
-324.25155856	-0.02357160
-324.21820215	-0.02896918
-324.18484574	-0.03078039
-324.15148933	-0.03111341
-324.11813292	-0.03084807
-324.08477651	-0.03077854
-324.05142010	-0.03125941
-324.01806369	-0.03230287
-323.98470728	-0.03393521
-323.95135087	-0.03618694
-323.91799446	-0.03904789
-323.88463805	-0.04258561
-323.85128164	-0.04651991
-323.81792523	-0.05103717
-323.78456882	-0.05526280
-323.75121241	-0.05883872
-323.71785600	-0.06085706
-323.68449959	-0.06059761
-323.65114319	-0.05769584
-323.61778678	-0.05224513
-323.58443037	-0.04402434
-323.55107396	-0.03285018
-323.51771755	-0.01897070
-323.48436114	-0.00144029
-323.45100473	0.01963243
-323.41764832	0.04469384
-323.38429191	0.06994060
-323.35093550	0.09255162
-323.31757909	0.11033682
-323.28422268	0.12200023
-323.25086627	0.12580471
-323.21750986	0.12211745
-323.18415345	0.11155362
-323.15079704	0.09419774
-323.11744063	0.07326525
-323.08408422	0.05097848
-323.05072781	0.02910850
-323.01737140	0.00837936
-322.98401499	-0.00786027
-322.95065859	-0.01834641
-322.91730218	-0.02231602
-322.88394577	-0.01977548
-322.85058936	-0.01219637
-322.81723295	-0.00263164
-322.78387654	0.00659747
-322.75052013	0.01368922
-322.71716372	0.01686242
-322.68380731	0.01571068
-322.65045090	0.01116928
-322.61709449	0.00437033
-322.58373808	-0.00173322
-322.55038167	-0.00572145
-322.51702526	-0.00711214
-322.48366885	-0.00580892
-322.45031244	-0.00257727
-322.41695603	0.00204842
-322.38359962	0.00753038
-322.35024321	0.01332164
-322.31688680	0.01839361
-322.28353039	0.02226405
-322.25017399	0.02415182
-322.21681758	0.02335857
-322.18346117	0.01860688
-322.15010476	0.00904898
-322.11674835	-0.00554112
-322.08339194	-0.02558251
-322.05003553	-0.04666684
-322.01667912	-0.06456716
-321.98332271	-0.07558965
-321.94996630	-0.07626194
-321.91660989	-0.06410928
-321.88325348	-0.03886579
-321.84989707	-0.00306272
-321.81654066	0.04104380
-321.78318425	0.08297072
-321.74982784	0.11665033
-321.71647143	0.13877100
-321.68311502	0.14704786
-321.64975861	0.13941073
-321.61640220	0.11662973
-321.58304579	0.08113058
-321.54968939	0.03526163
-321.51633298	-0.01089476
-321.48297657	-0.05120076
-321.44962016	-0.08226587
-321.41626375	-0.10341280
-321.38290734	-0.11199735
-321.34955093	-0.10901213
-321.31619452	-0.09529750
-321.28283811	-0.07187335
-321.24948170	-0.04354265
-321.21612529	-0.01419585
-321.18276888	0.01234275
-321.14941247	0.03468685
-321.11605606	0.04869664
-321.08269965	0.05381550
-321.04934324	0.05078395
-321.01598683	0.04095492
-320.98263042	0.02815958
-320.94927401	0.01550817
-320.91591760	0.00431917
-320.88256120	-0.00497610
-320.84920479	-0.01150837
-320.81584838	-0.01567523
-320.78249197	-0.01754940
-320.74913556	-0.01710678
-320.71577915	-0.01417211
-320.68242274	-0.00812805
-320.64906633	0.00119885
-320.61570992	0.01504922
-320.58235351	0.03298264
-320.54899710	0.05402725
-320.51564069	0.07642960
-320.48228428	0.09891413
-320.44892787	0.11578622
-320.41557146	0.12457760
-320.38221505	0.12371912
-320.34885864	0.11195227
-320.31550223	0.08980395
-320.28214582	0.05952561
-320.24878941	0.02436899
-320.21543300	-0.01318367
-320.18207660	-0.04596178
-320.14872019	-0.07192415
-320.11536378	-0.09063872
-320.08200737	-0.10310277
-320.04865096	-0.10920155
-320.01529455	-0.10997581
-319.98193814	-0.10645378
-319.94858173	-0.09869472
-319.91522532	-0.08833995
-319.88186891	-0.07704540
-319.84851250	-0.06606709
-319.81515609	-0.05694529
-319.78179968	-0.05150942
-319.74844327	-0.05058689
-319.71508686	-0.05330871
-319.68173045	-0.05790694
-319.64837404	-0.06065334
-319.61501763	-0.05899482
-319.58166122	-0.05152408
-319.54830481	-0.03740560
-319.51494840	-0.01853509
-319.48159200	0.00311496
-319.44823559	0.02494496
-319.41487918	0.04563224
-319.38152277	0.06166779
-319.34816636	0.07319082
-319.31480995	0.07998831
-319.28145354	0.08228778
-319.24809713	0.07906317
-319.21474072	0.07001050
-319.18138431	0.05536375
-319.14802790	0.03458420
-319.11467149	0.01093449
-319.08131508	-0.01337291
-319.04795867	-0.03636462
-319.01460226	-0.05685123
-318.98124585	-0.07144531
-318.94788944	-0.07783911
-318.91453303	-0.07436780
-318.88117662	-0.05863707
-318.84782021	-0.03273975
-318.81446380	-0.00012622
-318.78110740	0.03512957
-318.74775099	0.06954478
-318.71439458	0.09648009
-318.68103817	0.11276731
-318.64768176	0.11658306
-318.61432535	0.10696773
-318.58096894	0.08645990
-318.54761253	0.05872970
-318.51425612	0.02706266
-318.48089971	-0.00673405
-318.44754330	-0.03719020
-318.41418689	-0.06170271
-318.38083048	-0.07727668
-318.34747407	-0.08171164
-318.31411766	-0.07329237
-318.28076125	-0.05412734
-318.24740484	-0.02700304
-318.21404843	0.00577868
-318.18069202	0.03889525
-318.14733561	0.06941284
-318.11397920	0.09433760
-318.08062280	0.11205179
-318.04726639	0.11932158
-318.01390998	0.11678749
-317.98055357	0.10521417
-317.94719716	0.08577309
-317.91384075	0.06239503
-317.88048434	0.03864091
-317.84712793	0.01896782
-317.81377152	0.00721557
-317.78041511	0.00672688
-317.74705870	0.01664554
-317.71370229	0.03498237
-317.68034588	0.05971315
-317.64698947	0.08528751
-317.61363306	0.10875950
-317.58027665	0.12596146
-317.54692024	0.13421141
-317.51356383	0.13060220
-317.48020742	0.11560595
-317.44685101	0.09046577
-317.41349460	0.05604397
-317.38013820	0.01711543
-317.34678179	-0.02329036
-317.31342538	-0.06189919
-317.28006897	-0.09597841
-317.24671256	-0.11961123
-317.21335615	-0.13190342
-317.17999974	-0.13310390
-317.14664333	-0.12299222
-317.11328692	-0.10375997
-317.07993051	-0.07706770
-317.04657410	-0.04553410
-317.01321769	-0.00983678
-316.97986128	0.02383365
-316.94650487	0.05356610
-316.91314846	0.07720714
-316.87979205	0.09395480
-316.84643564	0.10164839
-316.81307923	0.10045914
-316.77972282	0.09102949
-316.74636641	0.07320562
-316.71301001	0.05100621
-316.67965360	0.02680757
-316.64629719	0.00355721
-316.61294078	-0.01679591
-316.57958437	-0.03041204
-316.54622796	-0.03536191
-316.51287155	-0.03126240
-316.47951514	-0.01720979
-316.44615873	0.00292275
-316.41280232	0.02554232
-316.37944591	0.04614543
-316.34608950	0.06233090
-316.31273309	0.07065968
-316.27937668	0.07097907
-316.24602027	0.06364116
-316.21266386	0.04886886
-316.17930745	0.02955500
-316.14595104	0.00748272
-316.11259463	-0.01532651
-316.07923822	-0.03818298
-316.04588181	-0.05787363
-316.01252541	-0.07360705
-315.97916900	-0.08484083
-315.94581259	-0.09185567
-315.91245618	-0.09501703
-315.87909977	-0.09639563
-315.84574336	-0.09753584
-315.81238695	-0.09888178
-315.77903054	-0.09956972
-315.74567413	-0.09800302
-315.71231772	-0.09253074
-315.67896131	-0.08149009
-315.64560490	-0.06585462
-315.61224849	-0.04680601
-315.57889208	-0.02589003
-315.54553567	-0.00341819
-315.51217926	0.01772064
-315.47882285	0.03731089
-315.44546644	0.05431428
-315.41211003	0.06796376
-315.37875362	0.07521238
-315.34539721	0.07511640
-315.31204081	0.06706375
-315.27868440	0.05104160
-315.24532799	0.02961672
-315.21197158	0.00618701
-315.17861517	-0.01574527
-315.14525876	-0.03406954
-315.11190235	-0.04528857
-315.07854594	-0.05014438
-315.04518953	-0.05051007
-315.01183312	-0.04823840
-314.97847671	-0.04592076
-314.94512030	-0.04517623
-314.91176389	-0.04699037
-314.87840748	-0.05168763
-314.84505107	-0.05853717
-314.81169466	-0.06583560
-314.77833825	-0.07164768
-314.74498184	-0.07383557
-314.71162543	-0.07002606
-314.67826902	-0.05911705
-314.64491261	-0.04108026
-314.61155621	-0.01523669
-314.57819980	0.01399207
-314.54484339	0.04339458
-314.51148698	0.06989565
-314.47813057	0.09111122
-314.44477416	0.10336852
-314.41141775	0.10590079
-314.37806134	0.09853695
-314.34470493	0.08055498
-314.31134852	0.05474382
-314.27799211	0.02422390
-314.24463570	-0.00717285
-314.21127929	-0.03644416
-314.17792288	-0.05799504
-314.14456647	-0.06985105
-314.11121006	-0.07059202
-314.07785365	-0.05990741
-314.04449724	-0.03959588
-314.01114083	-0.01277384
-313.97778442	0.01739776
-313.94442801	0.04891412
-313.91107161	0.07784471
-313.87771520	0.10330856
-313.84435879	0.12462482
-313.81100238	0.14184732
-313.77764597	0.15271433
-313.74428956	0.15682361
-313.71093315	0.15333323
-313.67757674	0.14243637
-313.64422033	0.12551575
-313.61086392	0.10471361
-313.57750751	0.08262765
-313.54415110	0.06032318
-313.51079469	0.04158405
-313.47743828	0.02646655
-313.44408187	0.01506462
-313.41072546	0.00608816
-313.37736905	-0.00096884
-313.34401264	-0.00733571
-313.31065623	-0.01334182
-313.27729982	-0.01966512
-313.24394342	-0.02558659
-313.21058701	-0.03067938
-313.17723060	-0.03455964
-313.14387419	-0.03700784
-313.11051778	-0.03740299
-313.07716137	-0.03549928
-313.04380496	-0.03076171
-313.01044855	-0.02218484
-312.97709214	-0.00967008
-312.94373573	0.00702787
-312.91037932	0.02757482
-312.87702291	0.05136813
-312.84366650	0.07526227
-312.81031009	0.09684695
-312.77695368	0.11382009
-312.74359727	0.12497842
-312.71024086	0.12776814
-312.67688445	0.12231126
-312.64352804	0.10893994
-312.61017163	0.08811798
-312.57681522	0.06284709
-312.54345882	0.03543937
-312.51010241	0.00880061
-312.47674600	-0.01581097
-312.44338959	-0.03436451
-312.41003318	-0.04618283
-312.37667677	-0.05082233
-312.34332036	-0.04908492
-312.30996395	-0.04249519
-312.27660754	-0.03327817
-312.24325113	-0.02354925
-312.20989472	-0.01458576
-312.17653831	-0.00783000
-312.14318190	-0.00337774
-312.10982549	-0.00045237
-312.07646908	0.00200671
-312.04311267	0.00462048
-312.00975626	0.00819897
-311.97639985	0.01237589
-311.94304344	0.01705894
-311.90968703	0.02062088
-311.87633062	0.02162452
-311.84297422	0.01855620
-311.80961781	0.00989683
-311.77626140	-0.00421707
-311.74290499	-0.02317302
-311.70954858	-0.04495077
-311.67619217	-0.06850405
-311.64283576	-0.08992662
-311.60947935	-0.10688272
-311.57612294	-0.11664056
-311.54276653	-0.11761610
-311.50941012	-0.10985307
-311.47605371	-0.09450082
-311.44269730	-0.07355399
-311.40934089	-0.04760587
-311.37598448	-0.01957414
-311.34262807	0.01051306
-311.30927166	0.04125525
-311.27591525	0.07243733
-311.24255884	0.10061498
-311.20920243	0.12443300
-311.17584602	0.14128770
-311.14248962	0.14972431
-311.10913321	0.14754285
-311.07577680	0.13488612
-311.04242039	0.11315452
-311.00906398	0.08374752
-310.97570757	0.05109031
-310.94235116	0.01770549
-310.90899475	-0.01361087
-310.87563834	-0.04254580
-310.84228193	-0.06531517
-310.80892552	-0.08112473
-310.77556911	-0.08865075
-310.74221270	-0.08688558
-310.70885629	-0.07636064
-310.67549988	-0.05801995
-310.64214347	-0.03419384
-310.60878706	-0.00607871
-310.57543065	0.02146749
-310.54207424	0.04614353
-310.50871783	0.06486613
-310.47536142	0.07621551
-310.44200502	0.07845734
-310.40864861	0.07193945
-310.37529220	0.05672595
-310.34193579	0.03199976
-310.30857938	0.00031350
-310.27522297	-0.03760484
-310.24186656	-0.07898139
-310.20851015	-0.12119389
-310.17515374	-0.15844718
-310.14179733	-0.18873989
-310.10844092	-0.21044670
-310.07508451	-0.22285300
-310.04172810	-0.22499703
-310.00837169	-0.21772236
-309.97501528	-0.20175948
-309.94165887	-0.17807382
-309.90830246	-0.14989324
-309.87494605	-0.11826572
-309.84158964	-0.08467027
-309.80823323	-0.04838426
-309.77487682	-0.01189119
-309.74152042	0.02580943
-309.70816401	0.06392147
-309.67480760	0.10268803
-309.64145119	0.13894625
-309.60809478	0.17213484
-309.57473837	0.20084599
-309.54138196	0.22519177
-309.50802555	0.24287154
-309.47466914	0.25437984
-309.44131273	0.25947270
-309.40795632	0.25827914
-309.37459991	0.25034349
-309.34124350	0.23538935
-309.30788709	0.21325887
-309.27453068	0.18184141
-309.24117427	0.14388905
-309.20781786	0.10133121
-309.17446145	0.05829903
-309.14110504	0.01853021
-309.10774863	-0.01234565
-309.07439223	-0.03326549
-309.04103582	-0.04463822
-309.00767941	-0.04801951
-308.97432300	-0.04500594
-308.94096659	-0.03771029
-308.90761018	-0.02795833
-308.87425377	-0.01669891
-308.84089736	-0.00555507
-308.80754095	0.00554039
-308.77418454	0.01602886
-308.74082813	0.02671041
-308.70747172	0.03695507
-308.67411531	0.04664178
-308.64075890	0.05559008
-308.60740249	0.06315927
-308.57404608	0.06820969
-308.54068967	0.07066906
-308.50733326	0.07044325
-308.47397685	0.06771657
-308.44062044	0.06301630
-308.40726403	0.05701154
-308.37390763	0.04993659
-308.34055122	0.04133794
-308.30719481	0.03096143
-308.27383840	0.01845421
-308.24048199	0.00412685
-308.20712558	-0.01224425
-308.17376917	-0.02863011
-308.14041276	-0.04395845
-308.10705635	-0.05730704
-308.07369994	-0.06852736
-308.04034353	-0.07697461
-308.00698712	-0.08374501
-307.97363071	-0.08912392
-307.94027430	-0.09368743
-307.90691789	-0.09639827
-307.87356148	-0.09656187
-307.84020507	-0.09244603
-307.80684866	-0.08272774
-307.77349225	-0.06728583
-307.74013584	-0.04714853
-307.70677943	-0.02392425
-307.67342303	0.00117878
-307.64006662	0.02368735
-307.60671021	0.04153612
-307.57335380	0.05269038
-307.53999739	0.05621225
-307.50664098	0.05248592
-307.47328457	0.04315966
-307.43992816	0.02982674
-307.40657175	0.01314999
-307.37321534	-0.00399290
-307.33985893	-0.02046870
-307.30650252	-0.03400129
-307.27314611	-0.04312253
-307.23978970	-0.04603782
-307.20643329	-0.04320842
-307.17307688	-0.03575744
-307.13972047	-0.02474109
-307.10636406	-0.01266243
-307.07300765	-0.00139971
-307.03965124	0.00759208
-307.00629483	0.01353441
-306.97293843	0.01564823
-306.93958202	0.01432090
-306.90622561	0.00973508
-306.87286920	0.00225529
-306.83951279	-0.00736176
-306.80615638	-0.01801724
-306.77279997	-0.02831316
-306.73944356	-0.03707912
-306.70608715	-0.04263000
-306.67273074	-0.04440512
-306.63937433	-0.04239433
-306.60601792	-0.03635443
-306.57266151	-0.02761302
-306.53930510	-0.01663345
-306.50594869	-0.00501730
-306.47259228	0.00710306
-306.43923587	0.01819980
-306.40587946	0.02802154
-306.37252305	0.03586599
-306.33916664	0.04156608
-306.30581023	0.04390656
-306.27245383	0.04262544
-306.23909742	0.03808716
-306.20574101	0.03094235
-306.17238460	0.02350765
-306.13902819	0.01701860
-306.10567178	0.01275940
-306.07231537	0.01074290
-306.03895896	0.01071455
-306.00560255	0.01169819
-305.97224614	0.01224638
-305.93888973	0.01159093
-305.90553332	0.00974701
-305.87217691	0.00732581
-305.83882050	0.00548997
-305.80546409	0.00485185
-305.77210768	0.00607073
-305.73875127	0.00887010
-305.70539486	0.01292256
-305.67203845	0.01777787
-305.63868204	0.02265236
-305.60532563	0.02728267
-305.57196923	0.03172530
-305.53861282	0.03581662
-305.50525641	0.03946483
-305.47190000	0.04259568
-305.43854359	0.04495377
-305.40518718	0.04669527
-305.37183077	0.04796125
-305.33847436	0.04881624
-305.30511795	0.04902104
-305.27176154	0.04833470
-305.23840513	0.04628733
-305.20504872	0.04253810
-305.17169231	0.03747782
-305.13833590	0.03093263
-305.10497949	0.02423239
-305.07162308	0.01768304
-305.03826667	0.01236917
-305.00491026	0.00844780
-304.97155385	0.00656203
-304.93819744	0.00665196
-304.90484104	0.00864468
-304.87148463	0.01242810
-304.83812822	0.01751008
-304.80477181	0.02351349
-304.77141540	0.02982536
-304.73805899	0.03636060
-304.70470258	0.04199427
-304.67134617	0.04650798
-304.63798976	0.04897738
-304.60463335	0.04860143
-304.57127694	0.04499680
-304.53792053	0.03798135
-304.50456412	0.02772572
-304.47120771	0.01464602
-304.43785130	0.00062720
-304.40449489	-0.01361657
-304.37113848	-0.02688653
-304.33778207	-0.03893230
-304.30442566	-0.04922149
-304.27106925	-0.05767454
-304.23771284	-0.06424703
-304.20435644	-0.06859043
-304.17100003	-0.07008911
-304.13764362	-0.06851288
-304.10428721	-0.06348936
-304.07093080	-0.05483826
-304.03757439	-0.04313996
-304.00421798	-0.02868528
-303.97086157	-0.01257434
-303.93750516	0.00469241
-303.90414875	0.02059593
-303.87079234	0.03458775
-303.83743593	0.04517800
-303.80407952	0.05228721
-303.77072311	0.05587671
-303.73736670	0.05651847
-303.70401029	0.05517781
-303.67065388	0.05225794
-303.63729747	0.04853324
-303.60394106	0.04393313
-303.57058465	0.03881394
-303.53722824	0.03276269
-303.50387184	0.02568107
-303.47051543	0.01805472
-303.43715902	0.00990370
-303.40380261	0.00131589
-303.37044620	-0.00672762
-303.33708979	-0.01438908
-303.30373338	-0.02099028
-303.27037697	-0.02571791
-303.23702056	-0.02794193
-303.20366415	-0.02695985
-303.17030774	-0.02212050
-303.13695133	-0.01320457
-303.10359492	-0.00117175
-303.07023851	0.01309774
-303.03688210	0.02717844
-303.00352569	0.03900367
-302.97016928	0.04691930
-302.93681287	0.05031615
-302.90345646	0.04836651
-302.87010005	0.04147028
-302.83674364	0.03090206
-302.80338724	0.01791532
-302.77003083	0.00467446
-302.73667442	-0.00754941
-302.70331801	-0.01761539
-302.66996160	-0.02558795
-302.63660519	-0.03118238
-302.60324878	-0.03509403
-302.56989237	-0.03734145
-302.53653596	-0.03847639
-302.50317955	-0.03853469
-302.46982314	-0.03746977
-302.43646673	-0.03481835
-302.40311032	-0.03050530
-302.36975391	-0.02425632
-302.33639750	-0.01587104
-302.30304109	-0.00581183
-302.26968468	0.00564217
-302.23632827	0.01765231
-302.20297186	0.02977906
-302.16961545	0.04130195
-302.13625904	0.05195929
-302.10290264	0.06062889
-302.06954623	0.06644803
-302.03618982	0.06862406
-302.00283341	0.06723438
-301.96947700	0.06265294
-301.93612059	0.05576450
-301.90276418	0.04739514
-301.86940777	0.03792129
-301.83605136	0.02812955
-301.80269495	0.01818159
-301.76933854	0.00869069
-301.73598213	-0.00056583
-301.70262572	-0.00884826
-301.66926931	-0.01610687
-301.63591290	-0.02201596
-301.60255649	-0.02656985
-301.56920008	-0.02933071
-301.53584367	-0.03015210
-301.50248726	-0.02898939
-301.46913085	-0.02590058
-301.43577444	-0.02123421
-301.40241804	-0.01537896
-301.36906163	-0.00887061
-301.33570522	-0.00201885
-301.30234881	0.00448419
-301.26899240	0.01024149
-301.23563599	0.01451460
-301.20227958	0.01722351
-301.16892317	0.01815268
-301.13556676	0.01756973
-301.10221035	0.01572253
-301.06885394	0.01294997
-301.03549753	0.00966822
-301.00214112	0.00610144
-300.96878471	0.00269313
-300.93542830	-0.00047839
-300.90207189	-0.00316666
-300.86871548	-0.00528437
-300.83535907	-0.00668734
-300.80200266	-0.00733932
-300.76864625	-0.00717534
-300.73528985	-0.00624469
-300.70193344	-0.00479048
-300.66857703	-0.00305156
-300.63522062	-0.00134490
-300.60186421	0.00016355
-300.56850780	0.00132905
-300.53515139	0.00218318
-300.50179498	0.00268156
-300.46843857	0.00289723
-300.43508216	0.00282438
-300.40172575	0.00253875
-300.36836934	0.00210001
-300.33501293	0.00157784
-300.30165652	0.00105782
-300.26830011	0.00059451
-300.23494370	0.00023897
-300.20158729	0.00001089
-300.16823088	-0.00009438
-300.13487447	-0.00011471
-300.10151806	-0.00008944
-300.06816165	-0.00005288
-300.03480525	-0.00002319
-300.00144884	-0.00000562
-299.96809243	-0.00000000
