# Menlo Systems Time Domain Spectrometer
# Program Version 1.4.7 
#  Start: -375 ps, Average over 1200 waveforms. Date: 2022-10-25
# Time [ps] 	 THz Signal [a.u.]
-374.98665744	0.00000000
-374.95330103	-0.00000002
-374.91994462	-0.00000002
-374.88658821	-0.00000005
-374.85323180	-0.00000002
-374.81987539	-0.00000018
-374.78651898	0.00000049
-374.75316257	-0.00000053
-374.71980616	0.00000097
-374.68644975	0.00000101
-374.65309334	0.00000258
-374.61973693	0.00000420
-374.58638052	0.00000413
-374.55302411	0.00000780
-374.51966770	0.00000920
-374.48631129	0.00001432
-374.45295488	0.00001931
-374.41959847	0.00002112
-374.38624206	0.00002780
-374.35288566	0.00002498
-374.31952925	0.00003475
-374.28617284	0.00004836
-374.25281643	0.00005630
-374.21946002	0.00006607
-374.18610361	0.00007326
-374.15274720	0.00009641
-374.11939079	0.00010133
-374.08603438	0.00012845
-374.05267797	0.00012884
-374.01932156	0.00015187
-373.98596515	0.00018203
-373.95260874	0.00019027
-373.91925233	0.00019683
-373.88589592	0.00024076
-373.85253951	0.00026448
-373.81918310	0.00028443
-373.78582669	0.00030332
-373.75247028	0.00033871
-373.71911387	0.00038880
-373.68575746	0.00039757
-373.65240106	0.00038658
-373.61904465	0.00043809
-373.58568824	0.00048639
-373.55233183	0.00050102
-373.51897542	0.00049320
-373.48561901	0.00053366
-373.45226260	0.00052835
-373.41890619	0.00058614
-373.38554978	0.00061583
-373.35219337	0.00059567
-373.31883696	0.00061663
-373.28548055	0.00063831
-373.25212414	0.00065900
-373.21876773	0.00064590
-373.18541132	0.00067151
-373.15205491	0.00067590
-373.11869850	0.00066808
-373.08534209	0.00071196
-373.05198568	0.00077513
-373.01862927	0.00070697
-372.98527287	0.00070776
-372.95191646	0.00077483
-372.91856005	0.00082060
-372.88520364	0.00081145
-372.85184723	0.00079954
-372.81849082	0.00085045
-372.78513441	0.00087792
-372.75177800	0.00097983
-372.71842159	0.00099068
-372.68506518	0.00098694
-372.65170877	0.00098707
-372.61835236	0.00100326
-372.58499595	0.00106806
-372.55163954	0.00104205
-372.51828313	0.00110291
-372.48492672	0.00109539
-372.45157031	0.00113164
-372.41821390	0.00108624
-372.38485749	0.00123131
-372.35150108	0.00122842
-372.31814467	0.00124160
-372.28478827	0.00129885
-372.25143186	0.00129213
-372.21807545	0.00122737
-372.18471904	0.00132563
-372.15136263	0.00136849
-372.11800622	0.00145980
-372.08464981	0.00150009
-372.05129340	0.00146316
-372.01793699	0.00149870
-371.98458058	0.00149588
-371.95122417	0.00144495
-371.91786776	0.00142925
-371.88451135	0.00145847
-371.85115494	0.00144745
-371.81779853	0.00136462
-371.78444212	0.00138861
-371.75108571	0.00141111
-371.71772930	0.00136232
-371.68437289	0.00130571
-371.65101648	0.00117748
-371.61766007	0.00119450
-371.58430367	0.00114877
-371.55094726	0.00108421
-371.51759085	0.00099897
-371.48423444	0.00098960
-371.45087803	0.00098587
-371.41752162	0.00089713
-371.38416521	0.00089064
-371.35080880	0.00084970
-371.31745239	0.00087931
-371.28409598	0.00080052
-371.25073957	0.00089030
-371.21738316	0.00084232
-371.18402675	0.00088945
-371.15067034	0.00084793
-371.11731393	0.00094350
-371.08395752	0.00093297
-371.05060111	0.00086073
-371.01724470	0.00090029
-370.98388829	0.00084565
-370.95053188	0.00091996
-370.91717547	0.00088241
-370.88381907	0.00087808
-370.85046266	0.00099095
-370.81710625	0.00099037
-370.78374984	0.00106351
-370.75039343	0.00105726
-370.71703702	0.00114660
-370.68368061	0.00110682
-370.65032420	0.00113056
-370.61696779	0.00116096
-370.58361138	0.00120422
-370.55025497	0.00120160
-370.51689856	0.00119402
-370.48354215	0.00134907
-370.45018574	0.00138890
-370.41682933	0.00143240
-370.38347292	0.00147806
-370.35011651	0.00159172
-370.31676010	0.00174253
-370.28340369	0.00160072
-370.25004728	0.00177541
-370.21669087	0.00173299
-370.18333447	0.00182090
-370.14997806	0.00181983
-370.11662165	0.00185341
-370.08326524	0.00189066
-370.04990883	0.00188158
-370.01655242	0.00194820
-369.98319601	0.00195075
-369.94983960	0.00203001
-369.91648319	0.00205333
-369.88312678	0.00210344
-369.84977037	0.00207756
-369.81641396	0.00217850
-369.78305755	0.00220279
-369.74970114	0.00220385
-369.71634473	0.00218117
-369.68298832	0.00219422
-369.64963191	0.00214552
-369.61627550	0.00205486
-369.58291909	0.00210745
-369.54956268	0.00207611
-369.51620627	0.00217300
-369.48284987	0.00206859
-369.44949346	0.00205471
-369.41613705	0.00200299
-369.38278064	0.00207343
-369.34942423	0.00199697
-369.31606782	0.00192987
-369.28271141	0.00189358
-369.24935500	0.00196186
-369.21599859	0.00200341
-369.18264218	0.00198346
-369.14928577	0.00196206
-369.11592936	0.00199097
-369.08257295	0.00200686
-369.04921654	0.00198409
-369.01586013	0.00200362
-368.98250372	0.00205310
-368.94914731	0.00201599
-368.91579090	0.00203048
-368.88243449	0.00208757
-368.84907808	0.00212246
-368.81572168	0.00207384
-368.78236527	0.00221940
-368.74900886	0.00213596
-368.71565245	0.00220142
-368.68229604	0.00224178
-368.64893963	0.00222921
-368.61558322	0.00226881
-368.58222681	0.00227725
-368.54887040	0.00237970
-368.51551399	0.00238403
-368.48215758	0.00233011
-368.44880117	0.00228717
-368.41544476	0.00233171
-368.38208835	0.00233681
-368.34873194	0.00239141
-368.31537553	0.00232187
-368.28201912	0.00242070
-368.24866271	0.00228368
-368.21530630	0.00241086
-368.18194989	0.00240347
-368.14859348	0.00236579
-368.11523708	0.00232081
-368.08188067	0.00237419
-368.04852426	0.00233180
-368.01516785	0.00229287
-367.98181144	0.00238201
-367.94845503	0.00238844
-367.91509862	0.00236399
-367.88174221	0.00230133
-367.84838580	0.00222209
-367.81502939	0.00235748
-367.78167298	0.00236543
-367.74831657	0.00234677
-367.71496016	0.00230353
-367.68160375	0.00225855
-367.64824734	0.00229916
-367.61489093	0.00234548
-367.58153452	0.00222949
-367.54817811	0.00225659
-367.51482170	0.00231032
-367.48146529	0.00229842
-367.44810888	0.00228451
-367.41475248	0.00222359
-367.38139607	0.00240798
-367.34803966	0.00228770
-367.31468325	0.00226098
-367.28132684	0.00220503
-367.24797043	0.00227283
-367.21461402	0.00223579
-367.18125761	0.00226639
-367.14790120	0.00227029
-367.11454479	0.00224089
-367.08118838	0.00211626
-367.04783197	0.00216622
-367.01447556	0.00212131
-366.98111915	0.00214377
-366.94776274	0.00207575
-366.91440633	0.00203341
-366.88104992	0.00199176
-366.84769351	0.00191234
-366.81433710	0.00187600
-366.78098069	0.00190194
-366.74762428	0.00181286
-366.71426788	0.00190815
-366.68091147	0.00182190
-366.64755506	0.00171389
-366.61419865	0.00171327
-366.58084224	0.00169442
-366.54748583	0.00168777
-366.51412942	0.00182941
-366.48077301	0.00169929
-366.44741660	0.00172008
-366.41406019	0.00174025
-366.38070378	0.00178104
-366.34734737	0.00173493
-366.31399096	0.00169689
-366.28063455	0.00180717
-366.24727814	0.00172937
-366.21392173	0.00171639
-366.18056532	0.00167487
-366.14720891	0.00174833
-366.11385250	0.00175238
-366.08049609	0.00164450
-366.04713968	0.00162997
-366.01378328	0.00165967
-365.98042687	0.00164438
-365.94707046	0.00175907
-365.91371405	0.00168899
-365.88035764	0.00173249
-365.84700123	0.00168069
-365.81364482	0.00166485
-365.78028841	0.00173129
-365.74693200	0.00170714
-365.71357559	0.00168927
-365.68021918	0.00172127
-365.64686277	0.00171884
-365.61350636	0.00170614
-365.58014995	0.00176989
-365.54679354	0.00166548
-365.51343713	0.00172617
-365.48008072	0.00170180
-365.44672431	0.00166461
-365.41336790	0.00168572
-365.38001149	0.00161725
-365.34665508	0.00157027
-365.31329868	0.00155124
-365.27994227	0.00152463
-365.24658586	0.00150425
-365.21322945	0.00157402
-365.17987304	0.00148373
-365.14651663	0.00145383
-365.11316022	0.00141552
-365.07980381	0.00135714
-365.04644740	0.00138823
-365.01309099	0.00132678
-364.97973458	0.00137698
-364.94637817	0.00130577
-364.91302176	0.00128063
-364.87966535	0.00128887
-364.84630894	0.00133038
-364.81295253	0.00126916
-364.77959612	0.00131864
-364.74623971	0.00135842
-364.71288330	0.00133264
-364.67952689	0.00126318
-364.64617049	0.00133015
-364.61281408	0.00138352
-364.57945767	0.00132219
-364.54610126	0.00135214
-364.51274485	0.00135417
-364.47938844	0.00142436
-364.44603203	0.00146473
-364.41267562	0.00142822
-364.37931921	0.00158858
-364.34596280	0.00148990
-364.31260639	0.00153682
-364.27924998	0.00160938
-364.24589357	0.00164693
-364.21253716	0.00162432
-364.17918075	0.00170948
-364.14582434	0.00175802
-364.11246793	0.00171093
-364.07911152	0.00175749
-364.04575511	0.00168337
-364.01239870	0.00162576
-363.97904229	0.00170405
-363.94568589	0.00164760
-363.91232948	0.00169488
-363.87897307	0.00160775
-363.84561666	0.00159171
-363.81226025	0.00159832
-363.77890384	0.00155044
-363.74554743	0.00158770
-363.71219102	0.00151138
-363.67883461	0.00151225
-363.64547820	0.00147367
-363.61212179	0.00149553
-363.57876538	0.00151361
-363.54540897	0.00158687
-363.51205256	0.00152355
-363.47869615	0.00162780
-363.44533974	0.00168833
-363.41198333	0.00169140
-363.37862692	0.00182276
-363.34527051	0.00176293
-363.31191410	0.00175172
-363.27855769	0.00177021
-363.24520129	0.00170441
-363.21184488	0.00156444
-363.17848847	0.00137948
-363.14513206	0.00112615
-363.11177565	0.00075260
-363.07841924	0.00030930
-363.04506283	-0.00036219
-363.01170642	-0.00105627
-362.97835001	-0.00181514
-362.94499360	-0.00274510
-362.91163719	-0.00368568
-362.87828078	-0.00468552
-362.84492437	-0.00533947
-362.81156796	-0.00575665
-362.77821155	-0.00599204
-362.74485514	-0.00582156
-362.71149873	-0.00531074
-362.67814232	-0.00452623
-362.64478591	-0.00350466
-362.61142950	-0.00232242
-362.57807309	-0.00126012
-362.54471669	-0.00031032
-362.51136028	0.00052606
-362.47800387	0.00134723
-362.44464746	0.00203389
-362.41129105	0.00251372
-362.37793464	0.00297305
-362.34457823	0.00319286
-362.31122182	0.00334305
-362.27786541	0.00336631
-362.24450900	0.00347101
-362.21115259	0.00334028
-362.17779618	0.00312227
-362.14443977	0.00304561
-362.11108336	0.00291399
-362.07772695	0.00263763
-362.04437054	0.00255337
-362.01101413	0.00242268
-361.97765772	0.00229116
-361.94430131	0.00207726
-361.91094490	0.00191689
-361.87758849	0.00166828
-361.84423209	0.00165276
-361.81087568	0.00154632
-361.77751927	0.00145456
-361.74416286	0.00142637
-361.71080645	0.00129220
-361.67745004	0.00119784
-361.64409363	0.00114582
-361.61073722	0.00106294
-361.57738081	0.00095985
-361.54402440	0.00082057
-361.51066799	0.00076292
-361.47731158	0.00063699
-361.44395517	0.00063965
-361.41059876	0.00058300
-361.37724235	0.00046197
-361.34388594	0.00042100
-361.31052953	0.00044297
-361.27717312	0.00041284
-361.24381671	0.00030343
-361.21046030	0.00016983
-361.17710389	0.00014149
-361.14374749	-0.00002795
-361.11039108	-0.00017278
-361.07703467	-0.00038911
-361.04367826	-0.00057511
-361.01032185	-0.00082364
-360.97696544	-0.00122921
-360.94360903	-0.00143608
-360.91025262	-0.00161009
-360.87689621	-0.00189644
-360.84353980	-0.00206102
-360.81018339	-0.00227388
-360.77682698	-0.00233219
-360.74347057	-0.00230440
-360.71011416	-0.00229366
-360.67675775	-0.00229100
-360.64340134	-0.00204532
-360.61004493	-0.00193488
-360.57668852	-0.00178013
-360.54333211	-0.00138476
-360.50997570	-0.00117276
-360.47661930	-0.00074359
-360.44326289	-0.00031976
-360.40990648	-0.00002045
-360.37655007	0.00029072
-360.34319366	0.00055314
-360.30983725	0.00063873
-360.27648084	0.00074408
-360.24312443	0.00080147
-360.20976802	0.00075770
-360.17641161	0.00058958
-360.14305520	0.00041327
-360.10969879	0.00015269
-360.07634238	-0.00005659
-360.04298597	-0.00028475
-360.00962956	-0.00049740
-359.97627315	-0.00079302
-359.94291674	-0.00085677
-359.90956033	-0.00105266
-359.87620392	-0.00111205
-359.84284751	-0.00117585
-359.80949110	-0.00107777
-359.77613470	-0.00094236
-359.74277829	-0.00101288
-359.70942188	-0.00089342
-359.67606547	-0.00081991
-359.64270906	-0.00069564
-359.60935265	-0.00059901
-359.57599624	-0.00041737
-359.54263983	-0.00034790
-359.50928342	-0.00016966
-359.47592701	-0.00007665
-359.44257060	0.00015015
-359.40921419	0.00025020
-359.37585778	0.00038197
-359.34250137	0.00048538
-359.30914496	0.00065965
-359.27578855	0.00079815
-359.24243214	0.00091012
-359.20907573	0.00090764
-359.17571932	0.00089415
-359.14236291	0.00084259
-359.10900650	0.00055670
-359.07565010	-0.00002165
-359.04229369	-0.00081886
-359.00893728	-0.00206802
-358.97558087	-0.00359783
-358.94222446	-0.00549792
-358.90886805	-0.00763825
-358.87551164	-0.01005072
-358.84215523	-0.01229510
-358.80879882	-0.01402807
-358.77544241	-0.01531397
-358.74208600	-0.01575032
-358.70872959	-0.01520096
-358.67537318	-0.01365000
-358.64201677	-0.01151105
-358.60866036	-0.00926779
-358.57530395	-0.00763911
-358.54194754	-0.00746360
-358.50859113	-0.00939552
-358.47523472	-0.01433943
-358.44187831	-0.02267358
-358.40852190	-0.03426328
-358.37516550	-0.04906059
-358.34180909	-0.06572119
-358.30845268	-0.08280316
-358.27509627	-0.09811941
-358.24173986	-0.11031013
-358.20838345	-0.11682213
-358.17502704	-0.11592456
-358.14167063	-0.10684791
-358.10831422	-0.08881660
-358.07495781	-0.06398624
-358.04160140	-0.03448305
-358.00824499	-0.00430296
-357.97488858	0.02541736
-357.94153217	0.05072901
-357.90817576	0.07000766
-357.87481935	0.08232313
-357.84146294	0.08839810
-357.80810653	0.08829271
-357.77475012	0.08341057
-357.74139371	0.07453440
-357.70803730	0.06225362
-357.67468090	0.04721637
-357.64132449	0.03019861
-357.60796808	0.01320183
-357.57461167	-0.00339703
-357.54125526	-0.01765292
-357.50789885	-0.02898331
-357.47454244	-0.03724370
-357.44118603	-0.04322894
-357.40782962	-0.04724000
-357.37447321	-0.04975207
-357.34111680	-0.05100572
-357.30776039	-0.05131720
-357.27440398	-0.05022197
-357.24104757	-0.04812584
-357.20769116	-0.04523817
-357.17433475	-0.04183423
-357.14097834	-0.03821502
-357.10762193	-0.03491384
-357.07426552	-0.03175186
-357.04090911	-0.02861042
-357.00755271	-0.02560464
-356.97419630	-0.02231660
-356.94083989	-0.01840130
-356.90748348	-0.01358582
-356.87412707	-0.00767203
-356.84077066	-0.00061324
-356.80741425	0.00749529
-356.77405784	0.01681271
-356.74070143	0.02688690
-356.70734502	0.03755863
-356.67398861	0.04855456
-356.64063220	0.05995158
-356.60727579	0.07126988
-356.57391938	0.08236238
-356.54056297	0.09263745
-356.50720656	0.10270146
-356.47385015	0.11212627
-356.44049374	0.12121225
-356.40713733	0.13006028
-356.37378092	0.13914225
-356.34042451	0.14833341
-356.30706811	0.15836563
-356.27371170	0.16909229
-356.24035529	0.18118093
-356.20699888	0.19422814
-356.17364247	0.20890451
-356.14028606	0.22470187
-356.10692965	0.24245578
-356.07357324	0.26146364
-356.04021683	0.28232393
-356.00686042	0.30451807
-355.97350401	0.32884882
-355.94014760	0.35460871
-355.90679119	0.38229132
-355.87343478	0.41175896
-355.84007837	0.44369369
-355.80672196	0.47739138
-355.77336555	0.51390133
-355.74000914	0.55149163
-355.70665273	0.59105651
-355.67329632	0.62937619
-355.63993991	0.66499296
-355.60658351	0.69239887
-355.57322710	0.70567930
-355.53987069	0.69465545
-355.50651428	0.64543702
-355.47315787	0.54390166
-355.43980146	0.36580477
-355.40644505	0.09801393
-355.37308864	-0.28602109
-355.33973223	-0.78902512
-355.30637582	-1.42454471
-355.27301941	-2.16136955
-355.23966300	-2.98466755
-355.20630659	-3.80953676
-355.17295018	-4.59499418
-355.13959377	-5.22896193
-355.10623736	-5.65135529
-355.07288095	-5.77642550
-355.03952454	-5.55733110
-355.00616813	-4.98394436
-354.97281172	-4.06700592
-354.93945531	-2.91019510
-354.90609891	-1.56922397
-354.87274250	-0.20494977
-354.83938609	1.12474221
-354.80602968	2.30173933
-354.77267327	3.30407289
-354.73931686	4.08303232
-354.70596045	4.65294624
-354.67260404	4.99221386
-354.63924763	5.11499925
-354.60589122	5.02544672
-354.57253481	4.74071729
-354.53917840	4.30563980
-354.50582199	3.76479376
-354.47246558	3.18781728
-354.43910917	2.60845978
-354.40575276	2.08145269
-354.37239635	1.60071966
-354.33903994	1.17993725
-354.30568353	0.79718653
-354.27232712	0.46275735
-354.23897071	0.17239054
-354.20561431	-0.05959792
-354.17225790	-0.23416340
-354.13890149	-0.34610981
-354.10554508	-0.40987262
-354.07218867	-0.43853911
-354.03883226	-0.44871842
-354.00547585	-0.45258106
-353.97211944	-0.45814186
-353.93876303	-0.46926428
-353.90540662	-0.48673944
-353.87205021	-0.50713217
-353.83869380	-0.52609137
-353.80533739	-0.53736689
-353.77198098	-0.53735786
-353.73862457	-0.52421771
-353.70526816	-0.49800429
-353.67191175	-0.46038795
-353.63855534	-0.41080128
-353.60519893	-0.35233480
-353.57184252	-0.28533470
-353.53848611	-0.21701956
-353.50512971	-0.15069010
-353.47177330	-0.09295403
-353.43841689	-0.04541770
-353.40506048	-0.00948557
-353.37170407	0.01520609
-353.33834766	0.02774885
-353.30499125	0.02950326
-353.27163484	0.02286162
-353.23827843	0.01113923
-353.20492202	-0.00201393
-353.17156561	-0.01459034
-353.13820920	-0.02528643
-353.10485279	-0.03340683
-353.07149638	-0.03802495
-353.03813997	-0.03917669
-353.00478356	-0.03835300
-352.97142715	-0.03742101
-352.93807074	-0.03771525
-352.90471433	-0.03916065
-352.87135792	-0.04039590
-352.83800152	-0.04097456
-352.80464511	-0.04206045
-352.77128870	-0.04539792
-352.73793229	-0.05163541
-352.70457588	-0.05974976
-352.67121947	-0.06766545
-352.63786306	-0.07419174
-352.60450665	-0.07966204
-352.57115024	-0.08532582
-352.53779383	-0.09186409
-352.50443742	-0.09970814
-352.47108101	-0.10820516
-352.43772460	-0.11831444
-352.40436819	-0.12883940
-352.37101178	-0.13895468
-352.33765537	-0.14621891
-352.30429896	-0.14984990
-352.27094255	-0.14998031
-352.23758614	-0.14801812
-352.20422973	-0.14523805
-352.17087332	-0.14150253
-352.13751692	-0.13645027
-352.10416051	-0.13014247
-352.07080410	-0.12360043
-352.03744769	-0.11794903
-352.00409128	-0.11333730
-351.97073487	-0.10908056
-351.93737846	-0.10365693
-351.90402205	-0.09581967
-351.87066564	-0.08497129
-351.83730923	-0.07065035
-351.80395282	-0.05350604
-351.77059641	-0.03444668
-351.73724000	-0.01551413
-351.70388359	0.00259506
-351.67052718	0.01790384
-351.63717077	0.03088482
-351.60381436	0.04138247
-351.57045795	0.04983929
-351.53710154	0.05634581
-351.50374513	0.06141294
-351.47038872	0.06447879
-351.43703232	0.06548642
-351.40367591	0.06442035
-351.37031950	0.06137301
-351.33696309	0.05696326
-351.30360668	0.05151782
-351.27025027	0.04524348
-351.23689386	0.03826693
-351.20353745	0.03126675
-351.17018104	0.02470133
-351.13682463	0.01929626
-351.10346822	0.01518512
-351.07011181	0.01199485
-351.03675540	0.00966465
-351.00339899	0.00826853
-350.97004258	0.00713413
-350.93668617	0.00585225
-350.90332976	0.00362822
-350.86997335	0.00027478
-350.83661694	-0.00385526
-350.80326053	-0.00865613
-350.76990412	-0.01440136
-350.73654772	-0.02078442
-350.70319131	-0.02720550
-350.66983490	-0.03252876
-350.63647849	-0.03610474
-350.60312208	-0.03752000
-350.56976567	-0.03705310
-350.53640926	-0.03495649
-350.50305285	-0.03151844
-350.46969644	-0.02735077
-350.43634003	-0.02284280
-350.40298362	-0.01858288
-350.36962721	-0.01424133
-350.33627080	-0.00955904
-350.30291439	-0.00414694
-350.26955798	0.00150739
-350.23620157	0.00771062
-350.20284516	0.01396389
-350.16948875	0.02074252
-350.13613234	0.02773268
-350.10277593	0.03483881
-350.06941952	0.04093953
-350.03606312	0.04532147
-350.00270671	0.04749137
-349.96935030	0.04832834
-349.93599389	0.04794238
-349.90263748	0.04775848
-349.86928107	0.04815502
-349.83592466	0.04966761
-349.80256825	0.05165091
-349.76921184	0.05359685
-349.73585543	0.05433793
-349.70249902	0.05330911
-349.66914261	0.05065751
-349.63578620	0.04647587
-349.60242979	0.04107905
-349.56907338	0.03466868
-349.53571697	0.02788312
-349.50236056	0.02059432
-349.46900415	0.01333929
-349.43564774	0.00597702
-349.40229133	-0.00046010
-349.36893492	-0.00570116
-349.33557852	-0.00906055
-349.30222211	-0.01047154
-349.26886570	-0.00929978
-349.23550929	-0.00643011
-349.20215288	-0.00224561
-349.16879647	0.00303613
-349.13544006	0.00850479
-349.10208365	0.01394652
-349.06872724	0.01866948
-349.03537083	0.02187642
-349.00201442	0.02308292
-348.96865801	0.02247114
-348.93530160	0.02070941
-348.90194519	0.01911112
-348.86858878	0.01856739
-348.83523237	0.01985651
-348.80187596	0.02283811
-348.76851955	0.02744807
-348.73516314	0.03208981
-348.70180673	0.03593812
-348.66845033	0.03817650
-348.63509392	0.03885328
-348.60173751	0.03856966
-348.56838110	0.03771510
-348.53502469	0.03678591
-348.50166828	0.03559992
-348.46831187	0.03413378
-348.43495546	0.03199847
-348.40159905	0.02928042
-348.36824264	0.02604240
-348.33488623	0.02261104
-348.30152982	0.01927534
-348.26817341	0.01619169
-348.23481700	0.01329914
-348.20146059	0.01037756
-348.16810418	0.00731403
-348.13474777	0.00440706
-348.10139136	0.00175839
-348.06803495	-0.00023354
-348.03467854	-0.00098199
-348.00132213	-0.00010263
-347.96796573	0.00221127
-347.93460932	0.00557353
-347.90125291	0.00905510
-347.86789650	0.01168886
-347.83454009	0.01269610
-347.80118368	0.01181529
-347.76782727	0.00902964
-347.73447086	0.00501417
-347.70111445	0.00048219
-347.66775804	-0.00352049
-347.63440163	-0.00628612
-347.60104522	-0.00765318
-347.56768881	-0.00785229
-347.53433240	-0.00706217
-347.50097599	-0.00526228
-347.46761958	-0.00316459
-347.43426317	-0.00102302
-347.40090676	0.00047753
-347.36755035	0.00149884
-347.33419394	0.00178305
-347.30083753	0.00172039
-347.26748113	0.00156025
-347.23412472	0.00179839
-347.20076831	0.00225420
-347.16741190	0.00289385
-347.13405549	0.00310847
-347.10069908	0.00238874
-347.06734267	0.00073312
-347.03398626	-0.00156681
-347.00062985	-0.00386790
-346.96727344	-0.00547219
-346.93391703	-0.00556075
-346.90056062	-0.00375976
-346.86720421	-0.00062834
-346.83384780	0.00301124
-346.80049139	0.00645024
-346.76713498	0.00883495
-346.73377857	0.00994354
-346.70042216	0.00977923
-346.66706575	0.00848743
-346.63370934	0.00648009
-346.60035293	0.00434298
-346.56699653	0.00251771
-346.53364012	0.00155920
-346.50028371	0.00195840
-346.46692730	0.00385425
-346.43357089	0.00751617
-346.40021448	0.01253309
-346.36685807	0.01893568
-346.33350166	0.02576316
-346.30014525	0.03267947
-346.26678884	0.03930938
-346.23343243	0.04515098
-346.20007602	0.04953191
-346.16671961	0.05253562
-346.13336320	0.05324572
-346.10000679	0.05136195
-346.06665038	0.04663315
-346.03329397	0.03939623
-345.99993756	0.03062413
-345.96658115	0.02111918
-345.93322474	0.01214702
-345.89986833	0.00419522
-345.86651193	-0.00204566
-345.83315552	-0.00666820
-345.79979911	-0.00993467
-345.76644270	-0.01246045
-345.73308629	-0.01434897
-345.69972988	-0.01592551
-345.66637347	-0.01739805
-345.63301706	-0.01890768
-345.59966065	-0.02053174
-345.56630424	-0.02292254
-345.53294783	-0.02589422
-345.49959142	-0.02951804
-345.46623501	-0.03334691
-345.43287860	-0.03680633
-345.39952219	-0.03936204
-345.36616578	-0.04082412
-345.33280937	-0.04059503
-345.29945296	-0.03831253
-345.26609655	-0.03485706
-345.23274014	-0.03034974
-345.19938373	-0.02549012
-345.16602733	-0.02008547
-345.13267092	-0.01433459
-345.09931451	-0.00778366
-345.06595810	-0.00064882
-345.03260169	0.00712180
-344.99924528	0.01463117
-344.96588887	0.02118866
-344.93253246	0.02601623
-344.89917605	0.02866444
-344.86581964	0.02920214
-344.83246323	0.02798129
-344.79910682	0.02569991
-344.76575041	0.02275231
-344.73239400	0.01973209
-344.69903759	0.01685023
-344.66568118	0.01456276
-344.63232477	0.01301507
-344.59896836	0.01240090
-344.56561195	0.01328007
-344.53225554	0.01514286
-344.49889914	0.01814046
-344.46554273	0.02118406
-344.43218632	0.02416189
-344.39882991	0.02651248
-344.36547350	0.02840159
-344.33211709	0.02982787
-344.29876068	0.03062259
-344.26540427	0.03106392
-344.23204786	0.03063375
-344.19869145	0.02963274
-344.16533504	0.02794174
-344.13197863	0.02601148
-344.09862222	0.02429810
-344.06526581	0.02261457
-344.03190940	0.02109734
-343.99855299	0.01987078
-343.96519658	0.01905845
-343.93184017	0.01833861
-343.89848376	0.01804132
-343.86512735	0.01773210
-343.83177094	0.01751931
-343.79841454	0.01718167
-343.76505813	0.01652289
-343.73170172	0.01570828
-343.69834531	0.01455575
-343.66498890	0.01286545
-343.63163249	0.01049589
-343.59827608	0.00761863
-343.56491967	0.00431412
-343.53156326	0.00141528
-343.49820685	-0.00127911
-343.46485044	-0.00341360
-343.43149403	-0.00454017
-343.39813762	-0.00485324
-343.36478121	-0.00421453
-343.33142480	-0.00266803
-343.29806839	-0.00012675
-343.26471198	0.00298169
-343.23135557	0.00631560
-343.19799916	0.00931947
-343.16464275	0.01206817
-343.13128634	0.01394358
-343.09792994	0.01515716
-343.06457353	0.01552441
-343.03121712	0.01540627
-342.99786071	0.01444862
-342.96450430	0.01264174
-342.93114789	0.00962702
-342.89779148	0.00561081
-342.86443507	0.00095969
-342.83107866	-0.00380947
-342.79772225	-0.00821914
-342.76436584	-0.01176513
-342.73100943	-0.01430936
-342.69765302	-0.01550544
-342.66429661	-0.01550459
-342.63094020	-0.01464429
-342.59758379	-0.01266879
-342.56422738	-0.00998428
-342.53087097	-0.00677343
-342.49751456	-0.00303275
-342.46415815	0.00028798
-342.43080174	0.00333459
-342.39744534	0.00572774
-342.36408893	0.00751666
-342.33073252	0.00880187
-342.29737611	0.00992671
-342.26401970	0.01084156
-342.23066329	0.01136240
-342.19730688	0.01122336
-342.16395047	0.01037315
-342.13059406	0.00825813
-342.09723765	0.00504088
-342.06388124	0.00142992
-342.03052483	-0.00192007
-341.99716842	-0.00421104
-341.96381201	-0.00492831
-341.93045560	-0.00415713
-341.89709919	-0.00214922
-341.86374278	0.00046238
-341.83038637	0.00304858
-341.79702996	0.00522580
-341.76367355	0.00685447
-341.73031714	0.00818556
-341.69696074	0.00910557
-341.66360433	0.01009386
-341.63024792	0.01059823
-341.59689151	0.01122060
-341.56353510	0.01164753
-341.53017869	0.01229245
-341.49682228	0.01311017
-341.46346587	0.01426556
-341.43010946	0.01574046
-341.39675305	0.01722810
-341.36339664	0.01810895
-341.33004023	0.01850921
-341.29668382	0.01803954
-341.26332741	0.01699747
-341.22997100	0.01565514
-341.19661459	0.01408566
-341.16325818	0.01249730
-341.12990177	0.01042844
-341.09654536	0.00798209
-341.06318895	0.00488009
-341.02983255	0.00111353
-340.99647614	-0.00251615
-340.96311973	-0.00594933
-340.92976332	-0.00832336
-340.89640691	-0.00978642
-340.86305050	-0.00979991
-340.82969409	-0.00879037
-340.79633768	-0.00686932
-340.76298127	-0.00432850
-340.72962486	-0.00140549
-340.69626845	0.00202764
-340.66291204	0.00543870
-340.62955563	0.00876942
-340.59619922	0.01134938
-340.56284281	0.01270166
-340.52948640	0.01230632
-340.49612999	0.00996552
-340.46277358	0.00663765
-340.42941717	0.00265809
-340.39606076	-0.00105469
-340.36270435	-0.00429336
-340.32934795	-0.00685711
-340.29599154	-0.00891105
-340.26263513	-0.01052330
-340.22927872	-0.01166520
-340.19592231	-0.01216644
-340.16256590	-0.01173456
-340.12920949	-0.01058919
-340.09585308	-0.00888018
-340.06249667	-0.00706834
-340.02914026	-0.00551808
-339.99578385	-0.00475757
-339.96242744	-0.00520854
-339.92907103	-0.00635043
-339.89571462	-0.00808260
-339.86235821	-0.01002706
-339.82900180	-0.01145854
-339.79564539	-0.01201750
-339.76228898	-0.01123105
-339.72893257	-0.00895156
-339.69557616	-0.00486632
-339.66221975	0.00038364
-339.62886335	0.00622188
-339.59550694	0.01228260
-339.56215053	0.01801257
-339.52879412	0.02247737
-339.49543771	0.02524826
-339.46208130	0.02587916
-339.42872489	0.02453843
-339.39536848	0.02144721
-339.36201207	0.01741829
-339.32865566	0.01315528
-339.29529925	0.00880793
-339.26194284	0.00517150
-339.22858643	0.00199870
-339.19523002	-0.00093892
-339.16187361	-0.00387672
-339.12851720	-0.00596099
-339.09516079	-0.00718976
-339.06180438	-0.00669740
-339.02844797	-0.00388992
-338.99509156	0.00106947
-338.96173515	0.00801435
-338.92837875	0.01583164
-338.89502234	0.02369259
-338.86166593	0.02981280
-338.82830952	0.03342987
-338.79495311	0.03414160
-338.76159670	0.03193704
-338.72824029	0.02724981
-338.69488388	0.02100167
-338.66152747	0.01407030
-338.62817106	0.00705879
-338.59481465	0.00045618
-338.56145824	-0.00475863
-338.52810183	-0.00858958
-338.49474542	-0.01095224
-338.46138901	-0.01180531
-338.42803260	-0.01160084
-338.39467619	-0.01064756
-338.36131978	-0.00932335
-338.32796337	-0.00786695
-338.29460696	-0.00668788
-338.26125055	-0.00527992
-338.22789415	-0.00367550
-338.19453774	-0.00188414
-338.16118133	-0.00027145
-338.12782492	0.00096480
-338.09446851	0.00196096
-338.06111210	0.00264019
-338.02775569	0.00305940
-337.99439928	0.00348491
-337.96104287	0.00412502
-337.92768646	0.00505233
-337.89433005	0.00605983
-337.86097364	0.00723247
-337.82761723	0.00820563
-337.79426082	0.00895213
-337.76090441	0.00939700
-337.72754800	0.00966415
-337.69419159	0.00962456
-337.66083518	0.00912001
-337.62747877	0.00851148
-337.59412236	0.00735598
-337.56076595	0.00570630
-337.52740955	0.00360352
-337.49405314	0.00111753
-337.46069673	-0.00166016
-337.42734032	-0.00464829
-337.39398391	-0.00737937
-337.36062750	-0.00928397
-337.32727109	-0.00991117
-337.29391468	-0.00909856
-337.26055827	-0.00660253
-337.22720186	-0.00282301
-337.19384545	0.00156062
-337.16048904	0.00676060
-337.12713263	0.01156961
-337.09377622	0.01591785
-337.06041981	0.01949989
-337.02706340	0.02222432
-336.99370699	0.02382866
-336.96035058	0.02394622
-336.92699417	0.02272624
-336.89363776	0.01996337
-336.86028136	0.01612717
-336.82692495	0.01164778
-336.79356854	0.00718484
-336.76021213	0.00290477
-336.72685572	-0.00034896
-336.69349931	-0.00250914
-336.66014290	-0.00340240
-336.62678649	-0.00319414
-336.59343008	-0.00183901
-336.56007367	-0.00004911
-336.52671726	0.00214923
-336.49336085	0.00422637
-336.46000444	0.00584910
-336.42664803	0.00679885
-336.39329162	0.00695145
-336.35993521	0.00652782
-336.32657880	0.00578500
-336.29322239	0.00525367
-336.25986598	0.00544635
-336.22650957	0.00632473
-336.19315316	0.00782513
-336.15979676	0.00969636
-336.12644035	0.01112134
-336.09308394	0.01207773
-336.05972753	0.01214266
-336.02637112	0.01126821
-335.99301471	0.00990248
-335.95965830	0.00785632
-335.92630189	0.00548197
-335.89294548	0.00235822
-335.85958907	-0.00195603
-335.82623266	-0.00743330
-335.79287625	-0.01348591
-335.75951984	-0.01921960
-335.72616343	-0.02335857
-335.69280702	-0.02528934
-335.65945061	-0.02436861
-335.62609420	-0.02073328
-335.59273779	-0.01520169
-335.55938138	-0.00832772
-335.52602497	-0.00123276
-335.49266856	0.00550044
-335.45931216	0.01251587
-335.42595575	0.01962374
-335.39259934	0.02659674
-335.35924293	0.03299930
-335.32588652	0.03813224
-335.29253011	0.04149453
-335.25917370	0.04175463
-335.22581729	0.03902507
-335.19246088	0.03341779
-335.15910447	0.02547548
-335.12574806	0.01674729
-335.09239165	0.00796491
-335.05903524	-0.00011046
-335.02567883	-0.00730098
-334.99232242	-0.01291330
-334.95896601	-0.01679808
-334.92560960	-0.01885246
-334.89225319	-0.01907446
-334.85889678	-0.01738029
-334.82554037	-0.01415615
-334.79218396	-0.00995016
-334.75882756	-0.00524789
-334.72547115	-0.00065724
-334.69211474	0.00341329
-334.65875833	0.00697870
-334.62540192	0.00970661
-334.59204551	0.01140076
-334.55868910	0.01188980
-334.52533269	0.01117807
-334.49197628	0.00967456
-334.45861987	0.00766426
-334.42526346	0.00634845
-334.39190705	0.00619380
-334.35855064	0.00788308
-334.32519423	0.01150433
-334.29183782	0.01648606
-334.25848141	0.02225700
-334.22512500	0.02795753
-334.19176859	0.03282324
-334.15841218	0.03654735
-334.12505577	0.03900433
-334.09169936	0.04093890
-334.05834296	0.04208060
-334.02498655	0.04310648
-333.99163014	0.04427032
-333.95827373	0.04555298
-333.92491732	0.04695629
-333.89156091	0.04812808
-333.85820450	0.04917131
-333.82484809	0.05011259
-333.79149168	0.05113516
-333.75813527	0.05283922
-333.72477886	0.05574542
-333.69142245	0.06009731
-333.65806604	0.06585753
-333.62470963	0.07276703
-333.59135322	0.08053519
-333.55799681	0.08903534
-333.52464040	0.09720302
-333.49128399	0.10476242
-333.45792758	0.11128272
-333.42457117	0.11674025
-333.39121476	0.12101978
-333.35785836	0.12470665
-333.32450195	0.12849374
-333.29114554	0.13328444
-333.25778913	0.13939382
-333.22443272	0.14680256
-333.19107631	0.15467088
-333.15771990	0.16176582
-333.12436349	0.16520762
-333.09100708	0.16275751
-333.05765067	0.15131365
-333.02429426	0.12581207
-332.99093785	0.08324512
-332.95758144	0.01812252
-332.92422503	-0.07332395
-332.89086862	-0.19757889
-332.85751221	-0.34789066
-332.82415580	-0.52268816
-332.79079939	-0.71186768
-332.75744298	-0.91212705
-332.72408657	-1.09242652
-332.69073017	-1.23936858
-332.65737376	-1.33168101
-332.62401735	-1.35432285
-332.59066094	-1.29824331
-332.55730453	-1.16661520
-332.52394812	-0.97190433
-332.49059171	-0.72095576
-332.45723530	-0.45175892
-332.42387889	-0.17916926
-332.39052248	0.07489607
-332.35716607	0.30361945
-332.32380966	0.49038833
-332.29045325	0.64229735
-332.25709684	0.76003842
-332.22374043	0.84863108
-332.19038402	0.90223710
-332.15702761	0.92350087
-332.12367120	0.91354228
-332.09031479	0.87644496
-332.05695838	0.82298240
-332.02360197	0.76100177
-331.99024557	0.69863465
-331.95688916	0.63667051
-331.92353275	0.57800337
-331.89017634	0.51744335
-331.85681993	0.45391355
-331.82346352	0.38717801
-331.79010711	0.32341671
-331.75675070	0.26413279
-331.72339429	0.21292897
-331.69003788	0.16810142
-331.65668147	0.12996952
-331.62332506	0.09453765
-331.58996865	0.06025034
-331.55661224	0.02612747
-331.52325583	-0.00615917
-331.48989942	-0.03657265
-331.45654301	-0.06406394
-331.42318660	-0.08870705
-331.38983019	-0.10836748
-331.35647378	-0.12278612
-331.32311737	-0.13071335
-331.28976097	-0.13207077
-331.25640456	-0.12767156
-331.22304815	-0.11852548
-331.18969174	-0.10674983
-331.15633533	-0.09323275
-331.12297892	-0.07976465
-331.08962251	-0.06698246
-331.05626610	-0.05562953
-331.02290969	-0.04570031
-330.98955328	-0.03736864
-330.95619687	-0.03030776
-330.92284046	-0.02507968
-330.88948405	-0.02143936
-330.85612764	-0.01972329
-330.82277123	-0.01917349
-330.78941482	-0.01938009
-330.75605841	-0.01960542
-330.72270200	-0.01900062
-330.68934559	-0.01769613
-330.65598918	-0.01532321
-330.62263277	-0.01181431
-330.58927637	-0.00805859
-330.55591996	-0.00447536
-330.52256355	-0.00238264
-330.48920714	-0.00185682
-330.45585073	-0.00308485
-330.42249432	-0.00542694
-330.38913791	-0.00853340
-330.35578150	-0.01220227
-330.32242509	-0.01634575
-330.28906868	-0.02055745
-330.25571227	-0.02407184
-330.22235586	-0.02663109
-330.18899945	-0.02811389
-330.15564304	-0.02936552
-330.12228663	-0.03100986
-330.08893022	-0.03385281
-330.05557381	-0.03788477
-330.02221740	-0.04340949
-329.98886099	-0.04964987
-329.95550458	-0.05646746
-329.92214817	-0.06317432
-329.88879177	-0.06963782
-329.85543536	-0.07571371
-329.82207895	-0.08190310
-329.78872254	-0.08780722
-329.75536613	-0.09329753
-329.72200972	-0.09731427
-329.68865331	-0.09899697
-329.65529690	-0.09781252
-329.62194049	-0.09419849
-329.58858408	-0.08853414
-329.55522767	-0.08181559
-329.52187126	-0.07470908
-329.48851485	-0.06732548
-329.45515844	-0.05997588
-329.42180203	-0.05229741
-329.38844562	-0.04431657
-329.35508921	-0.03606710
-329.32173280	-0.02796176
-329.28837639	-0.02015879
-329.25501998	-0.01344148
-329.22166358	-0.00761404
-329.18830717	-0.00248520
-329.15495076	0.00214352
-329.12159435	0.00661225
-329.08823794	0.01114262
-329.05488153	0.01574470
-329.02152512	0.02035032
-328.98816871	0.02437471
-328.95481230	0.02817590
-328.92145589	0.03176533
-328.88809948	0.03525106
-328.85474307	0.03847350
-328.82138666	0.04126757
-328.78803025	0.04333974
-328.75467384	0.04423757
-328.72131743	0.04404741
-328.68796102	0.04295643
-328.65460461	0.04108631
-328.62124820	0.03883808
-328.58789179	0.03651162
-328.55453538	0.03416021
-328.52117898	0.03167803
-328.48782257	0.02887621
-328.45446616	0.02590711
-328.42110975	0.02266497
-328.38775334	0.01986703
-328.35439693	0.01782707
-328.32104052	0.01641989
-328.28768411	0.01581661
-328.25432770	0.01547146
-328.22097129	0.01520649
-328.18761488	0.01429240
-328.15425847	0.01278192
-328.12090206	0.01049642
-328.08754565	0.00777282
-328.05418924	0.00503606
-328.02083283	0.00275737
-327.98747642	0.00125239
-327.95412001	0.00077079
-327.92076360	0.00124524
-327.88740719	0.00266809
-327.85405078	0.00476870
-327.82069438	0.00726460
-327.78733797	0.01011950
-327.75398156	0.01348907
-327.72062515	0.01684105
-327.68726874	0.02044852
-327.65391233	0.02331556
-327.62055592	0.02534339
-327.58719951	0.02619263
-327.55384310	0.02606975
-327.52048669	0.02515099
-327.48713028	0.02384049
-327.45377387	0.02248617
-327.42041746	0.02098719
-327.38706105	0.01959225
-327.35370464	0.01781596
-327.32034823	0.01586266
-327.28699182	0.01363361
-327.25363541	0.01146210
-327.22027900	0.00962933
-327.18692259	0.00820514
-327.15356618	0.00717359
-327.12020978	0.00651702
-327.08685337	0.00624121
-327.05349696	0.00621930
-327.02014055	0.00671349
-326.98678414	0.00765330
-326.95342773	0.00909710
-326.92007132	0.01079876
-326.88671491	0.01260287
-326.85335850	0.01406026
-326.82000209	0.01514308
-326.78664568	0.01554735
-326.75328927	0.01547841
-326.71993286	0.01491396
-326.68657645	0.01403479
-326.65322004	0.01277190
-326.61986363	0.01079204
-326.58650722	0.00808749
-326.55315081	0.00466730
-326.51979440	0.00104880
-326.48643799	-0.00218170
-326.45308158	-0.00451327
-326.41972518	-0.00534470
-326.38636877	-0.00483656
-326.35301236	-0.00303330
-326.31965595	-0.00101342
-326.28629954	0.00075857
-326.25294313	0.00186651
-326.21958672	0.00218429
-326.18623031	0.00197252
-326.15287390	0.00172867
-326.11951749	0.00199006
-326.08616108	0.00291709
-326.05280467	0.00493692
-326.01944826	0.00742414
-325.98609185	0.01047305
-325.95273544	0.01367166
-325.91937903	0.01661548
-325.88602262	0.01900898
-325.85266621	0.02035145
-325.81930980	0.02048720
-325.78595339	0.01939317
-325.75259698	0.01766367
-325.71924058	0.01559226
-325.68588417	0.01357413
-325.65252776	0.01219901
-325.61917135	0.01142746
-325.58581494	0.01094525
-325.55245853	0.01079633
-325.51910212	0.01086715
-325.48574571	0.01033165
-325.45238930	0.00930805
-325.41903289	0.00780941
-325.38567648	0.00585094
-325.35232007	0.00362251
-325.31896366	0.00153525
-325.28560725	0.00000962
-325.25225084	-0.00093032
-325.21889443	-0.00106647
-325.18553802	-0.00073907
-325.15218161	-0.00030628
-325.11882520	0.00017243
-325.08546879	-0.00008644
-325.05211239	-0.00099234
-325.01875598	-0.00277399
-324.98539957	-0.00489662
-324.95204316	-0.00750095
-324.91868675	-0.00993304
-324.88533034	-0.01213690
-324.85197393	-0.01390020
-324.81861752	-0.01508578
-324.78526111	-0.01528114
-324.75190470	-0.01461905
-324.71854829	-0.01312114
-324.68519188	-0.01114154
-324.65183547	-0.00862682
-324.61847906	-0.00563528
-324.58512265	-0.00259638
-324.55176624	0.00040397
-324.51840983	0.00313674
-324.48505342	0.00531929
-324.45169701	0.00642055
-324.41834060	0.00657091
-324.38498419	0.00604873
-324.35162779	0.00501789
-324.31827138	0.00383994
-324.28491497	0.00294614
-324.25155856	0.00224665
-324.21820215	0.00198130
-324.18484574	0.00184808
-324.15148933	0.00158083
-324.11813292	0.00131817
-324.08477651	0.00057577
-324.05142010	-0.00033387
-324.01806369	-0.00118028
-323.98470728	-0.00159822
-323.95135087	-0.00105960
-323.91799446	0.00032070
-323.88463805	0.00234888
-323.85128164	0.00482467
-323.81792523	0.00721426
-323.78456882	0.00938787
-323.75121241	0.01095875
-323.71785600	0.01198201
-323.68449959	0.01269168
-323.65114319	0.01302130
-323.61778678	0.01280939
-323.58443037	0.01252149
-323.55107396	0.01224771
-323.51771755	0.01201462
-323.48436114	0.01230979
-323.45100473	0.01338091
-323.41764832	0.01553208
-323.38429191	0.01878018
-323.35093550	0.02240732
-323.31757909	0.02632537
-323.28422268	0.02995714
-323.25086627	0.03240794
-323.21750986	0.03351998
-323.18415345	0.03293164
-323.15079704	0.03074976
-323.11744063	0.02752323
-323.08408422	0.02383120
-323.05072781	0.02020631
-323.01737140	0.01673148
-322.98401499	0.01386689
-322.95065859	0.01177232
-322.91730218	0.01028806
-322.88394577	0.00937781
-322.85058936	0.00919359
-322.81723295	0.00947082
-322.78387654	0.00995086
-322.75052013	0.01074572
-322.71716372	0.01174616
-322.68380731	0.01304732
-322.65045090	0.01460121
-322.61709449	0.01657547
-322.58373808	0.01883049
-322.55038167	0.02052396
-322.51702526	0.02173879
-322.48366885	0.02195866
-322.45031244	0.02121642
-322.41695603	0.02001397
-322.38359962	0.01839338
-322.35024321	0.01681518
-322.31688680	0.01521999
-322.28353039	0.01366975
-322.25017399	0.01211414
-322.21681758	0.01013452
-322.18346117	0.00779555
-322.15010476	0.00529247
-322.11674835	0.00296779
-322.08339194	0.00089845
-322.05003553	-0.00039872
-322.01667912	-0.00096497
-321.98332271	-0.00079309
-321.94996630	-0.00031140
-321.91660989	0.00027722
-321.88325348	0.00065830
-321.84989707	0.00070387
-321.81654066	0.00012762
-321.78318425	-0.00073783
-321.74982784	-0.00172329
-321.71647143	-0.00243810
-321.68311502	-0.00289209
-321.64975861	-0.00298457
-321.61640220	-0.00290312
-321.58304579	-0.00259111
-321.54968939	-0.00181376
-321.51633298	-0.00072933
-321.48297657	0.00092686
-321.44962016	0.00287595
-321.41626375	0.00508875
-321.38290734	0.00704278
-321.34955093	0.00846050
-321.31619452	0.00906208
-321.28283811	0.00864933
-321.24948170	0.00756133
-321.21612529	0.00608104
-321.18276888	0.00444758
-321.14941247	0.00302236
-321.11605606	0.00184462
-321.08269965	0.00145953
-321.04934324	0.00169896
-321.01598683	0.00291927
-320.98263042	0.00492222
-320.94927401	0.00770396
-320.91591760	0.01090866
-320.88256120	0.01424071
-320.84920479	0.01735775
-320.81584838	0.02007923
-320.78249197	0.02203546
-320.74913556	0.02366988
-320.71577915	0.02499855
-320.68242274	0.02626096
-320.64906633	0.02745272
-320.61570992	0.02854130
-320.58235351	0.02932864
-320.54899710	0.02922910
-320.51564069	0.02849807
-320.48228428	0.02692857
-320.44892787	0.02502634
-320.41557146	0.02299527
-320.38221505	0.02102090
-320.34885864	0.01905380
-320.31550223	0.01684721
-320.28214582	0.01396797
-320.24878941	0.01056841
-320.21543300	0.00605181
-320.18207660	0.00131358
-320.14872019	-0.00372091
-320.11536378	-0.00848520
-320.08200737	-0.01343522
-320.04865096	-0.01823683
-320.01529455	-0.02313700
-319.98193814	-0.02815767
-319.94858173	-0.03299708
-319.91522532	-0.03723381
-319.88186891	-0.04045156
-319.84851250	-0.04274251
-319.81515609	-0.04390010
-319.78179968	-0.04423037
-319.74844327	-0.04384845
-319.71508686	-0.04348099
-319.68173045	-0.04327325
-319.64837404	-0.04309709
-319.61501763	-0.04312927
-319.58166122	-0.04299073
-319.54830481	-0.04238246
-319.51494840	-0.04152146
-319.48159200	-0.04024100
-319.44823559	-0.03873151
-319.41487918	-0.03709982
-319.38152277	-0.03528223
-319.34816636	-0.03308952
-319.31480995	-0.03012005
-319.28145354	-0.02592043
-319.24809713	-0.02054917
-319.21474072	-0.01412339
-319.18138431	-0.00666153
-319.14802790	0.00167182
-319.11467149	0.01020324
-319.08131508	0.01837652
-319.04795867	0.02615552
-319.01460226	0.03331246
-318.98124585	0.03910513
-318.94788944	0.04334200
-318.91453303	0.04624938
-318.88117662	0.04785698
-318.84782021	0.04858873
-318.81446380	0.04854617
-318.78110740	0.04839965
-318.74775099	0.04803985
-318.71439458	0.04736034
-318.68103817	0.04608466
-318.64768176	0.04412562
-318.61432535	0.04161245
-318.58096894	0.03897734
-318.54761253	0.03657826
-318.51425612	0.03469763
-318.48089971	0.03365474
-318.44754330	0.03344880
-318.41418689	0.03375422
-318.38083048	0.03455662
-318.34747407	0.03546055
-318.31411766	0.03605971
-318.28076125	0.03635039
-318.24740484	0.03630546
-318.21404843	0.03631489
-318.18069202	0.03623485
-318.14733561	0.03625067
-318.11397920	0.03655546
-318.08062280	0.03709773
-318.04726639	0.03767499
-318.01390998	0.03839791
-317.98055357	0.03898724
-317.94719716	0.03957497
-317.91384075	0.03995272
-317.88048434	0.03997158
-317.84712793	0.03970951
-317.81377152	0.03908950
-317.78041511	0.03807731
-317.74705870	0.03689030
-317.71370229	0.03524521
-317.68034588	0.03318457
-317.64698947	0.03061940
-317.61363306	0.02749373
-317.58027665	0.02368277
-317.54692024	0.01891887
-317.51356383	0.01374467
-317.48020742	0.00864361
-317.44685101	0.00390585
-317.41349460	0.00015745
-317.38013820	-0.00205892
-317.34678179	-0.00235651
-317.31342538	-0.00088975
-317.28006897	0.00173011
-317.24671256	0.00489840
-317.21335615	0.00794635
-317.17999974	0.01078057
-317.14664333	0.01330206
-317.11328692	0.01560717
-317.07993051	0.01783686
-317.04657410	0.01995783
-317.01321769	0.02199515
-316.97986128	0.02354410
-316.94650487	0.02453899
-316.91314846	0.02532679
-316.87979205	0.02583543
-316.84643564	0.02609472
-316.81307923	0.02621731
-316.77972282	0.02600496
-316.74636641	0.02559679
-316.71301001	0.02456851
-316.67965360	0.02315169
-316.64629719	0.02155393
-316.61294078	0.01944045
-316.57958437	0.01743496
-316.54622796	0.01526242
-316.51287155	0.01305679
-316.47951514	0.01053735
-316.44615873	0.00784440
-316.41280232	0.00474763
-316.37944591	0.00141815
-316.34608950	-0.00211681
-316.31273309	-0.00568802
-316.27937668	-0.00903500
-316.24602027	-0.01210975
-316.21266386	-0.01510935
-316.17930745	-0.01789284
-316.14595104	-0.02050983
-316.11259463	-0.02313799
-316.07923822	-0.02588792
-316.04588181	-0.02859640
-316.01252541	-0.03121032
-315.97916900	-0.03376757
-315.94581259	-0.03631856
-315.91245618	-0.03872760
-315.87909977	-0.04088365
-315.84574336	-0.04291085
-315.81238695	-0.04467517
-315.77903054	-0.04560944
-315.74567413	-0.04594319
-315.71231772	-0.04541506
-315.67896131	-0.04400394
-315.64560490	-0.04187977
-315.61224849	-0.03937525
-315.57889208	-0.03637581
-315.54553567	-0.03309290
-315.51217926	-0.02969605
-315.47882285	-0.02626260
-315.44546644	-0.02271238
-315.41211003	-0.01961321
-315.37875362	-0.01711041
-315.34539721	-0.01583586
-315.31204081	-0.01555636
-315.27868440	-0.01623640
-315.24532799	-0.01738009
-315.21197158	-0.01846432
-315.17861517	-0.01909261
-315.14525876	-0.01875831
-315.11190235	-0.01718367
-315.07854594	-0.01474791
-315.04518953	-0.01165129
-315.01183312	-0.00817655
-314.97847671	-0.00483603
-314.94512030	-0.00207685
-314.91176389	0.00002707
-314.87840748	0.00159337
-314.84505107	0.00238488
-314.81169466	0.00264186
-314.77833825	0.00281162
-314.74498184	0.00318691
-314.71162543	0.00382006
-314.67826902	0.00531013
-314.64491261	0.00761645
-314.61155621	0.01059158
-314.57819980	0.01365444
-314.54484339	0.01657485
-314.51148698	0.01879418
-314.47813057	0.02039367
-314.44477416	0.02123078
-314.41141775	0.02156611
-314.37806134	0.02132227
-314.34470493	0.02115773
-314.31134852	0.02091692
-314.27799211	0.02082212
-314.24463570	0.02077096
-314.21127929	0.02099058
-314.17792288	0.02161396
-314.14456647	0.02295847
-314.11121006	0.02504729
-314.07785365	0.02820809
-314.04449724	0.03184765
-314.01114083	0.03572640
-313.97778442	0.03942805
-313.94442801	0.04258899
-313.91107161	0.04511284
-313.87771520	0.04727788
-313.84435879	0.04943542
-313.81100238	0.05196853
-313.77764597	0.05484217
-313.74428956	0.05763586
-313.71093315	0.05973860
-313.67757674	0.06087509
-313.64422033	0.06067983
-313.61086392	0.05931771
-313.57750751	0.05724712
-313.54415110	0.05484798
-313.51079469	0.05265991
-313.47743828	0.05074240
-313.44408187	0.04921695
-313.41072546	0.04795754
-313.37736905	0.04691698
-313.34401264	0.04631866
-313.31065623	0.04596116
-313.27729982	0.04595407
-313.24394342	0.04597472
-313.21058701	0.04591937
-313.17723060	0.04565446
-313.14387419	0.04495175
-313.11051778	0.04384031
-313.07716137	0.04260364
-313.04380496	0.04088546
-313.01044855	0.03873865
-312.97709214	0.03629947
-312.94373573	0.03365186
-312.91037932	0.03062812
-312.87702291	0.02756434
-312.84366650	0.02447491
-312.81031009	0.02157901
-312.77695368	0.01897916
-312.74359727	0.01631409
-312.71024086	0.01377477
-312.67688445	0.01097961
-312.64352804	0.00813020
-312.61017163	0.00497103
-312.57681522	0.00191959
-312.54345882	-0.00123260
-312.51010241	-0.00408910
-312.47674600	-0.00657382
-312.44338959	-0.00828912
-312.41003318	-0.00948588
-312.37667677	-0.01021515
-312.34332036	-0.01057987
-312.30996395	-0.01104116
-312.27660754	-0.01139741
-312.24325113	-0.01191206
-312.20989472	-0.01241194
-312.17653831	-0.01283795
-312.14318190	-0.01289551
-312.10982549	-0.01267648
-312.07646908	-0.01212143
-312.04311267	-0.01156258
-312.00975626	-0.01102732
-311.97639985	-0.01057088
-311.94304344	-0.01052188
-311.90968703	-0.01072529
-311.87633062	-0.01134643
-311.84297422	-0.01223181
-311.80961781	-0.01347448
-311.77626140	-0.01480657
-311.74290499	-0.01637167
-311.70954858	-0.01790889
-311.67619217	-0.01910709
-311.64283576	-0.01961310
-311.60947935	-0.01921109
-311.57612294	-0.01758719
-311.54276653	-0.01480304
-311.50941012	-0.01129030
-311.47605371	-0.00727158
-311.44269730	-0.00284958
-311.40934089	0.00181235
-311.37598448	0.00623544
-311.34262807	0.01072396
-311.30927166	0.01500323
-311.27591525	0.01880018
-311.24255884	0.02195932
-311.20920243	0.02462802
-311.17584602	0.02642867
-311.14248962	0.02780118
-311.10913321	0.02877614
-311.07577680	0.02972152
-311.04242039	0.03080618
-311.00906398	0.03199642
-310.97570757	0.03345317
-310.94235116	0.03503017
-310.90899475	0.03737565
-310.87563834	0.04010696
-310.84228193	0.04354731
-310.80892552	0.04766756
-310.77556911	0.05184934
-310.74221270	0.05610514
-310.70885629	0.05952293
-310.67549988	0.06156005
-310.64214347	0.06156233
-310.60878706	0.05853549
-310.57543065	0.05195112
-310.54207424	0.04084717
-310.50871783	0.02452402
-310.47536142	0.00143896
-310.44200502	-0.02759112
-310.40864861	-0.06278338
-310.37529220	-0.10308465
-310.34193579	-0.14858032
-310.30857938	-0.19353448
-310.27522297	-0.23495488
-310.24186656	-0.26791831
-310.20851015	-0.28851994
-310.17515374	-0.29293568
-310.14179733	-0.28083934
-310.10844092	-0.25419236
-310.07508451	-0.21399324
-310.04172810	-0.16665468
-310.00837169	-0.11574045
-309.97501528	-0.06576969
-309.94165887	-0.01830472
-309.90830246	0.02305917
-309.87494605	0.05958395
-309.84158964	0.09197304
-309.80823323	0.12236430
-309.77487682	0.14887636
-309.74152042	0.17175080
-309.70816401	0.18994394
-309.67480760	0.20304149
-309.64145119	0.21067258
-309.60809478	0.21392827
-309.57473837	0.21428367
-309.54138196	0.21196521
-309.50802555	0.20716149
-309.47466914	0.19965148
-309.44131273	0.18909689
-309.40795632	0.17546990
-309.37459991	0.16043660
-309.34124350	0.14490681
-309.30788709	0.13018199
-309.27453068	0.11554288
-309.24117427	0.10203898
-309.20781786	0.08890937
-309.17446145	0.07597228
-309.14110504	0.06315047
-309.10774863	0.05111768
-309.07439223	0.04037644
-309.04103582	0.03057952
-309.00767941	0.02112994
-308.97432300	0.01271305
-308.94096659	0.00491531
-308.90761018	-0.00180459
-308.87425377	-0.00717868
-308.84089736	-0.01099891
-308.80754095	-0.01367431
-308.77418454	-0.01512666
-308.74082813	-0.01567658
-308.70747172	-0.01552691
-308.67411531	-0.01482117
-308.64075890	-0.01402071
-308.60740249	-0.01316107
-308.57404608	-0.01247241
-308.54068967	-0.01216024
-308.50733326	-0.01223275
-308.47397685	-0.01258477
-308.44062044	-0.01324138
-308.40726403	-0.01391479
-308.37390763	-0.01466749
-308.34055122	-0.01512490
-308.30719481	-0.01535683
-308.27383840	-0.01541126
-308.24048199	-0.01530370
-308.20712558	-0.01529572
-308.17376917	-0.01514757
-308.14041276	-0.01506139
-308.10705635	-0.01468524
-308.07369994	-0.01356292
-308.04034353	-0.01222008
-308.00698712	-0.01037590
-307.97363071	-0.00843627
-307.94027430	-0.00647045
-307.90691789	-0.00493668
-307.87356148	-0.00396868
-307.84020507	-0.00334862
-307.80684866	-0.00297474
-307.77349225	-0.00283910
-307.74013584	-0.00297251
-307.70677943	-0.00367725
-307.67342303	-0.00526733
-307.64006662	-0.00765829
-307.60671021	-0.01068586
-307.57335380	-0.01382786
-307.53999739	-0.01700001
-307.50664098	-0.01975700
-307.47328457	-0.02195016
-307.43992816	-0.02387305
-307.40657175	-0.02589960
-307.37321534	-0.02753445
-307.33985893	-0.02906269
-307.30650252	-0.03028622
-307.27314611	-0.03112969
-307.23978970	-0.03117621
-307.20643329	-0.03059955
-307.17307688	-0.02919783
-307.13972047	-0.02692443
-307.10636406	-0.02412889
-307.07300765	-0.02069344
-307.03965124	-0.01678876
-307.00629483	-0.01253992
-306.97293843	-0.00832741
-306.93958202	-0.00442349
-306.90622561	-0.00090033
-306.87286920	0.00236142
-306.83951279	0.00493589
-306.80615638	0.00704103
-306.77279997	0.00900914
-306.73944356	0.01076178
-306.70608715	0.01227442
-306.67273074	0.01344763
-306.63937433	0.01418703
-306.60601792	0.01458813
-306.57266151	0.01467169
-306.53930510	0.01454124
-306.50594869	0.01416899
-306.47259228	0.01399850
-306.43923587	0.01415912
-306.40587946	0.01432489
-306.37252305	0.01461332
-306.33916664	0.01502851
-306.30581023	0.01542917
-306.27245383	0.01599082
-306.23909742	0.01669620
-306.20574101	0.01749126
-306.17238460	0.01835793
-306.13902819	0.01917459
-306.10567178	0.01981225
-306.07231537	0.02012188
-306.03895896	0.01991821
-306.00560255	0.01932796
-305.97224614	0.01855394
-305.93888973	0.01757870
-305.90553332	0.01687115
-305.87217691	0.01643650
-305.83882050	0.01662256
-305.80546409	0.01746363
-305.77210768	0.01903246
-305.73875127	0.02123199
-305.70539486	0.02402829
-305.67203845	0.02741196
-305.63868204	0.03092628
-305.60532563	0.03475789
-305.57196923	0.03823542
-305.53861282	0.04173500
-305.50525641	0.04437204
-305.47190000	0.04654935
-305.43854359	0.04804951
-305.40518718	0.04925490
-305.37183077	0.05002161
-305.33847436	0.05064765
-305.30511795	0.05097806
-305.27176154	0.05099272
-305.23840513	0.05027962
-305.20504872	0.04877209
-305.17169231	0.04657121
-305.13833590	0.04350301
-305.10497949	0.04002588
-305.07162308	0.03609029
-305.03826667	0.03169301
-305.00491026	0.02680386
-304.97155385	0.02136635
-304.93819744	0.01547542
-304.90484104	0.00910640
-304.87148463	0.00256880
-304.83812822	-0.00383965
-304.80477181	-0.00976581
-304.77141540	-0.01517181
-304.73805899	-0.02000181
-304.70470258	-0.02420868
-304.67134617	-0.02793978
-304.63798976	-0.03116384
-304.60463335	-0.03409433
-304.57127694	-0.03614112
-304.53792053	-0.03753611
-304.50456412	-0.03734294
-304.47120771	-0.03562863
-304.43785130	-0.03269548
-304.40449489	-0.02831246
-304.37113848	-0.02314738
-304.33778207	-0.01728124
-304.30442566	-0.01136178
-304.27106925	-0.00529622
-304.23771284	0.00089787
-304.20435644	0.00725466
-304.17100003	0.01353770
-304.13764362	0.01969620
-304.10428721	0.02559507
-304.07093080	0.03144637
-304.03757439	0.03702799
-304.00421798	0.04253021
-303.97086157	0.04727337
-303.93750516	0.05124781
-303.90414875	0.05383133
-303.87079234	0.05456883
-303.83743593	0.05353607
-303.80407952	0.05056146
-303.77072311	0.04610412
-303.73736670	0.04052234
-303.70401029	0.03413046
-303.67065388	0.02683567
-303.63729747	0.01922984
-303.60394106	0.01115762
-303.57058465	0.00310367
-303.53722824	-0.00471360
-303.50387184	-0.01196422
-303.47051543	-0.01848685
-303.43715902	-0.02374963
-303.40380261	-0.02777971
-303.37044620	-0.03031943
-303.33708979	-0.03155015
-303.30373338	-0.03149014
-303.27037697	-0.03033130
-303.23702056	-0.02816789
-303.20366415	-0.02498100
-303.17030774	-0.02093219
-303.13695133	-0.01607829
-303.10359492	-0.01084344
-303.07023851	-0.00541060
-303.03688210	0.00011424
-303.00352569	0.00513190
-302.97016928	0.00977163
-302.93681287	0.01400406
-302.90345646	0.01767433
-302.87010005	0.02063031
-302.83674364	0.02277143
-302.80338724	0.02398494
-302.77003083	0.02434992
-302.73667442	0.02356821
-302.70331801	0.02175774
-302.66996160	0.01908887
-302.63660519	0.01585495
-302.60324878	0.01229017
-302.56989237	0.00882244
-302.53653596	0.00575417
-302.50317955	0.00338633
-302.46982314	0.00182365
-302.43646673	0.00104167
-302.40311032	0.00138869
-302.36975391	0.00283514
-302.33639750	0.00554800
-302.30304109	0.00933642
-302.26968468	0.01394405
-302.23632827	0.01896748
-302.20297186	0.02407397
-302.16961545	0.02880272
-302.13625904	0.03308977
-302.10290264	0.03631280
-302.06954623	0.03852527
-302.03618982	0.03919855
-302.00283341	0.03835003
-301.96947700	0.03600570
-301.93612059	0.03216107
-301.90276418	0.02711953
-301.86940777	0.02098006
-301.83605136	0.01441294
-301.80269495	0.00753407
-301.76933854	0.00112116
-301.73598213	-0.00482083
-301.70262572	-0.00988170
-301.66926931	-0.01410957
-301.63591290	-0.01730737
-301.60255649	-0.01952283
-301.56920008	-0.02037571
-301.53584367	-0.01989553
-301.50248726	-0.01820008
-301.46913085	-0.01542330
-301.43577444	-0.01192849
-301.40241804	-0.00807537
-301.36906163	-0.00425700
-301.33570522	-0.00053316
-301.30234881	0.00275414
-301.26899240	0.00554725
-301.23563599	0.00759577
-301.20227958	0.00895946
-301.16892317	0.00957482
-301.13556676	0.00949531
-301.10221035	0.00888044
-301.06885394	0.00782720
-301.03549753	0.00644837
-301.00214112	0.00495078
-300.96878471	0.00347392
-300.93542830	0.00213763
-300.90207189	0.00103335
-300.86871548	0.00017204
-300.83535907	-0.00039755
-300.80200266	-0.00076153
-300.76864625	-0.00087305
-300.73528985	-0.00078948
-300.70193344	-0.00056635
-300.66857703	-0.00024605
-300.63522062	0.00008366
-300.60186421	0.00037897
-300.56850780	0.00061265
-300.53515139	0.00077609
-300.50179498	0.00086646
-300.46843857	0.00089764
-300.43508216	0.00087249
-300.40172575	0.00080449
-300.36836934	0.00071072
-300.33501293	0.00060069
-300.30165652	0.00048426
-300.26830011	0.00037074
-300.23494370	0.00026867
-300.20158729	0.00018428
-300.16823088	0.00012187
-300.13487447	0.00007559
-300.10151806	0.00004473
-300.06816165	0.00002415
-300.03480525	0.00001063
-300.00144884	0.00000273
-299.96809243	0.00000000
